Control_1	Control_2	Control_3	Patient_1	Patient_2	Patient_3
A1BG	2	3	4	2	2	5
A1BG-AS1	20	5	5	17	12	4
A1CF	2	0	0	3	1	0
A2M	6	20	27	4	1	2
A2M-AS1	13	30	46	4	2	8
A2ML1	1	0	2	0	0	0
A2MP1	2	1	0	0	0	0
A3GALT2	0	0	0	0	0	0
A4GALT	0	0	0	0	12	0
A4GNT	0	0	0	0	0	0
AAAS	64	81	88	25	36	28
AACS	21	22	29	8	15	6
AACSP1	0	0	0	0	0	0
AADAC	0	0	0	1	0	0
AADACL2	0	0	0	0	0	0
AADACL3	0	0	1	0	0	0
AADACL4	0	0	0	0	0	0
AADAT	0	0	0	4	0	1
AAED1	135	94	117	99	65	113
AAGAB	96	71	122	131	143	119
AAK1	545	1066	1652	182	133	121
AAMDC	6	10	5	0	1	1
AAMP	47	49	68	30	33	20
AANAT	2	3	4	6	16	2
AAR2	16	23	22	46	65	48
AARD	0	0	0	0	0	0
AARS	59	71	41	32	78	46
AARS2	36	32	52	46	70	67
AARSD1	0	0	0	0	0	0
AASDH	42	43	112	61	82	61
AASDHPPT	39	33	61	63	112	75
AASS	98	32	53	35	47	43
AATF	261	263	220	266	287	240
AATK	3	4	1	8	1	1
AATK-AS1	0	0	0	0	0	0
ABAT	57	53	53	18	20	17
ABCA1	3381	1597	919	1564	968	1592
ABCA10	5	1	2	5	7	1
ABCA11P	24	9	24	24	47	24
ABCA12	1	0	0	1	0	0
ABCA13	64	162	14	7	3	3
ABCA17P	0	0	0	0	0	0
ABCA2	47	87	91	18	12	31
ABCA3	15	5	45	5	2	5
ABCA4	0	1	0	0	0	0
ABCA5	94	54	80	119	204	97
ABCA6	11	20	3	2	8	3
ABCA7	93	44	65	27	23	29
ABCA8	0	0	1	0	0	0
ABCA9	2	0	0	0	1	1
ABCB1	107	83	129	338	404	239
ABCB10	64	80	74	66	93	59
ABCB11	0	1	0	0	0	0
ABCB4	108	24	23	198	328	147
ABCB5	2	0	0	0	0	0
ABCB6	20	11	9	9	15	6
ABCB7	119	105	100	93	112	82
ABCB8	19	11	9	12	22	11
ABCB9	2	3	3	1	3	1
ABCC1	366	380	493	241	542	275
ABCC10	51	21	54	16	50	22
ABCC11	1	1	1	0	0	0
ABCC12	0	0	0	0	0	0
ABCC13	0	0	0	0	0	1
ABCC2	19	6	12	23	10	29
ABCC3	33	55	18	6	10	10
ABCC4	46	43	58	21	45	22
ABCC5	79	77	156	22	29	19
ABCC5-AS1	0	0	0	0	0	0
ABCC6	4	2	3	1	1	0
ABCC6P1	0	1	0	0	0	0
ABCC6P2	0	0	0	1	0	0
ABCC8	0	0	0	0	0	0
ABCC9	0	0	4	2	1	0
ABCD1	28	17	15	8	8	8
ABCD2	5	10	19	3	1	4
ABCD3	87	64	51	79	93	61
ABCD4	48	40	42	45	64	45
ABCE1	381	273	294	388	482	524
ABCF1	834	513	480	473	567	475
ABCF2	160	131	154	129	224	118
ABCF3	82	58	82	96	99	101
ABCG1	286	84	177	531	500	624
ABCG2	5	7	4	4	5	3
ABCG4	0	0	0	0	0	2
ABCG5	1	0	0	0	0	0
ABCG8	0	0	0	0	1	1
ABHD1	6	1	6	5	12	3
ABHD10	29	27	57	49	93	41
ABHD11	1	12	21	2	9	9
ABHD12	31	46	66	19	19	11
ABHD12B	2	4	3	1	0	1
ABHD13	173	112	114	113	111	116
ABHD14A	2	4	1	1	0	1
ABHD14A-ACY1	0	0	0	0	0	0
ABHD14B	94	70	145	41	41	64
ABHD15	85	74	97	78	160	112
ABHD16A	102	69	113	79	89	58
ABHD16B	11	6	2	9	1	3
ABHD17A	16	24	29	4	7	8
ABHD17B	315	216	396	259	326	357
ABHD17C	33	15	1	12	14	11
ABHD2	582	825	934	344	239	210
ABHD3	151	100	158	58	66	68
ABHD4	78	74	37	34	28	37
ABHD5	470	1047	1826	156	125	85
ABHD6	41	24	90	9	13	3
ABHD8	2	1	6	0	0	0
ABI1	703	690	603	437	444	402
ABI2	138	152	114	68	74	55
ABI3	25	72	34	9	13	12
ABI3BP	3	2	1	5	6	1
ABL1	161	220	186	133	208	110
ABL2	717	1076	460	193	282	218
ABLIM1	937	610	1423	858	656	748
ABLIM2	3	5	11	3	3	3
ABLIM3	4	0	2	12	12	4
ABO	0	4	0	1	1	0
ABR	322	365	379	200	237	130
ABRA	3	1	0	2	6	0
ABRACL	59	81	49	17	6	12
ABT1	64	44	80	65	67	63
ABTB1	43	46	59	24	17	20
ABTB2	29	38	7	55	45	59
AC000099.1	0	0	0	0	0	0
AC002116.7	1	2	1	0	0	0
AC002398.5	0	0	0	0	0	0
AC002454.1	0	1	0	0	0	0
AC002480.3	20	2	12	2	23	11
AC002511.1	0	0	0	0	1	0
AC003051.1	0	0	0	0	0	0
AC003102.3	0	0	0	0	4	0
AC003665.1	15	6	3	9	14	11
AC004019.13	3	1	0	1	1	0
AC004053.1	0	0	0	1	0	0
AC004603.4	0	0	0	0	0	0
AC004893.11	56	56	52	38	40	25
AC005029.1	0	0	0	0	1	0
AC005062.2	0	0	0	0	1	0
AC005235.1	0	0	0	0	0	0
AC005264.2	41	78	57	14	3	12
AC005592.2	0	0	0	0	0	0
AC005594.3	9	4	5	19	19	12
AC006196.1	0	0	0	0	0	1
AC006262.5	1	0	0	0	0	0
AC006272.1	0	0	0	0	0	0
AC006372.4	1	1	0	0	0	0
AC007038.7	31	22	27	16	50	25
AC007040.7	0	0	0	0	0	2
AC007131.1	0	0	0	0	0	0
AC007163.3	3	16	2	4	0	1
AC007163.6	5	4	5	6	6	10
AC007246.3	0	3	4	3	2	1
AC007359.6	0	0	0	0	0	0
AC007365.1	2	1	0	0	1	0
AC007386.2	8	3	0	2	3	3
AC007463.2	0	0	0	0	0	0
AC007551.3	5	1	3	2	5	6
AC007743.1	0	0	1	0	0	0
AC007750.5	0	0	0	1	0	0
AC007773.2	1	1	10	0	1	1
AC007879.2	8	7	2	7	11	12
AC007880.1	5	3	18	0	1	16
AC007966.1	0	0	0	0	0	0
AC008697.1	1	0	0	1	0	2
AC008703.1	1	1	0	0	0	1
AC009120.4	0	0	0	0	0	0
AC009264.1	0	0	0	0	0	0
AC009299.3	8	2	7	12	21	5
AC009473.1	3	1	1	1	0	0
AC009501.4	11	11	5	3	0	3
AC009948.5	43	27	38	73	81	92
AC010127.3	2	1	0	0	0	0
AC010226.4	6	3	0	5	7	0
AC010524.2	0	1	0	0	0	0
AC010731.4	0	0	0	0	0	0
AC010890.1	0	0	0	0	0	0
AC011298.2	0	0	0	0	0	0
AC011343.1	0	0	0	0	0	0
AC011609.3	2	0	0	0	0	0
AC011738.4	0	0	0	0	0	0
AC011747.4	5	15	3	1	4	0
AC011747.7	4	3	2	1	0	0
AC011899.9	2	11	9	8	0	2
AC012309.5	6	0	1	5	15	2
AC012314.8	27	19	35	49	30	44
AC012507.3	0	0	0	0	0	0
AC015922.6	0	0	0	0	0	0
AC016582.2	0	0	0	0	3	3
AC016629.8	5	8	15	11	3	6
AC016738.3	0	0	0	0	0	0
AC016910.1	0	1	0	0	0	0
AC016995.3	0	0	0	0	0	0
AC017060.1	0	0	0	0	0	0
AC018470.4	0	0	0	0	0	0
AC018647.3	0	0	0	0	0	0
AC018705.5	0	0	1	0	0	0
AC018742.1	1	0	0	0	0	0
AC018799.1	0	0	0	0	0	0
AC019048.1	0	0	4	0	0	0
AC019118.2	4	0	0	0	0	1
AC020571.3	2	18	73	2	0	3
AC022007.5	4	2	10	3	5	4
AC022173.2	0	0	0	0	0	0
AC022311.1	0	0	0	0	0	0
AC024592.9	0	1	0	0	1	0
AC037193.1	0	0	3	0	0	0
AC058791.1	1658	994	473	308	392	231
AC068831.10	0	0	0	0	0	0
AC068858.1	0	0	0	0	0	0
AC072062.1	2	1	4	0	0	1
AC073128.10	11	6	4	12	26	9
AC073133.1	0	0	0	0	3	0
AC073283.4	0	0	0	0	0	0
AC074138.3	2	2	0	2	3	4
AC074286.1	5	9	11	9	3	2
AC074289.1	65	48	38	110	49	63
AC078941.1	0	0	0	0	0	0
AC079145.4	0	0	0	0	0	0
AC079610.2	0	0	0	0	0	0
AC090044.1	0	0	0	0	0	0
AC090505.6	0	0	0	0	1	0
AC091729.9	2	3	5	1	10	7
AC091878.1	4	0	0	1	3	2
AC092295.7	2	0	1	3	0	1
AC093375.1	0	0	0	0	0	0
AC093391.2	3	4	12	4	3	5
AC093590.1	0	0	0	0	0	0
AC093690.1	55	39	44	17	18	23
AC095067.1	0	0	0	0	0	1
AC096559.1	0	0	1	1	0	0
AC097500.2	0	2	4	1	3	2
AC097662.2	0	0	5	0	1	0
AC098823.3	0	1	1	0	0	0
AC099342.1	0	2	0	0	0	0
AC104024.1	72	27	44	31	124	60
AC104134.2	516	154	140	270	157	300
AC104653.1	8	3	0	1	2	5
AC104654.2	0	0	0	0	0	0
AC104655.2	10	2	0	2	6	2
AC104820.2	1	2	4	1	0	1
AC105053.3	0	0	0	1	0	0
AC105253.1	0	0	0	0	0	0
AC105339.1	0	0	0	0	0	0
AC105760.3	0	0	1	0	0	0
AC107622.1	0	0	0	0	3	2
AC109828.1	8	8	12	6	15	16
AC113607.2	0	0	0	0	0	0
AC125421.1	0	0	0	0	0	0
AC131097.3	1	1	1	0	4	4
AC137932.6	24	16	17	1	28	4
AC144449.1	7	4	1	5	2	1
AC145110.1	1	2	6	3	1	0
AC147651.4	5	29	4	9	8	5
AC159540.1	62	25	50	36	33	32
AC159540.1-2	173	56	141	56	99	89
AC226118.1	1	0	0	4	1	1
ACAA1	150	185	93	43	52	44
ACAA2	227	271	177	83	98	92
ACACA	164	125	203	190	216	150
ACACB	63	80	122	27	50	33
ACAD10	21	12	27	10	29	4
ACAD11	5	0	2	6	4	5
ACAD8	52	46	39	36	56	34
ACAD9	34	23	20	39	53	38
ACADL	0	0	0	0	0	0
ACADM	172	158	162	61	78	50
ACADS	3	2	0	2	1	1
ACADSB	150	112	110	77	93	73
ACADVL	375	354	294	125	137	187
ACAN	1	0	2	2	3	4
ACAP1	127	80	172	37	54	40
ACAP2	915	902	699	325	430	241
ACAP3	23	9	22	6	12	6
ACAT1	65	60	43	32	68	39
ACAT2	249	214	174	98	80	82
ACBD3	340	243	236	272	292	229
ACBD4	3	2	2	4	4	2
ACBD5	219	340	376	197	178	188
ACBD6	44	45	89	48	80	42
ACBD7	13	6	24	2	1	3
ACCS	7	39	51	8	11	18
ACCSL	0	0	0	1	0	0
ACD	29	17	123	24	32	15
ACE	1	2	1	0	0	0
ACE2	0	1	3	0	1	0
ACER1	0	0	3	0	0	0
ACER2	33	18	17	13	30	9
ACER3	126	198	80	39	62	31
ACHE	2	4	1	1	3	1
ACIN1	738	604	637	497	688	491
ACKR2	0	3	1	1	3	2
ACKR3	8	5	5	3	11	6
ACKR4	0	3	4	11	29	11
ACLY	249	259	327	94	140	128
ACMSD	0	0	1	1	0	1
ACN9	14	14	19	5	13	6
ACO1	68	60	66	25	39	21
ACO2	134	115	91	90	130	98
ACOT1	1	2	1	4	1	1
ACOT11	2	1	0	1	0	0
ACOT12	1	0	0	2	0	0
ACOT13	177	200	360	78	142	77
ACOT2	4	2	2	7	7	5
ACOT4	0	0	0	0	0	0
ACOT6	0	0	1	0	0	0
ACOT7	22	31	11	5	3	2
ACOT8	3	5	14	12	7	7
ACOT9	326	171	48	176	195	167
ACOX1	200	257	562	71	115	56
ACOX2	1	2	0	0	1	0
ACOX3	25	21	45	11	22	8
ACOXL	1	1	0	0	0	3
ACP1	155	157	172	246	263	257
ACP2	10	13	9	8	9	7
ACP5	17	8	23	29	38	23
ACP6	6	6	5	1	2	3
ACPL2	12	20	18	7	5	3
ACPP	98	145	47	13	7	4
ACPT	0	0	0	0	1	0
ACR	0	1	1	0	0	0
ACRBP	16	11	10	8	18	14
ACRC	61	73	83	41	34	31
ACRV1	1	3	1	0	1	0
ACSBG1	3	0	3	0	5	2
ACSBG2	0	0	0	0	1	0
ACSF2	18	22	34	6	5	3
ACSF3	53	29	45	31	68	38
ACSL1	4126	2129	660	1056	1104	1346
ACSL3	438	327	235	376	312	276
ACSL4	339	339	211	119	146	101
ACSL5	503	516	190	153	174	140
ACSL6	2	14	29	1	3	1
ACSM1	6	5	9	9	20	7
ACSM2A	0	0	0	0	0	0
ACSM2B	0	0	0	0	0	0
ACSM3	6	9	6	27	22	14
ACSM4	0	0	0	0	0	0
ACSM5	0	0	0	0	0	0
ACSS1	110	79	79	66	132	106
ACSS2	29	53	29	5	9	5
ACSS3	0	0	1	0	0	0
ACTA1	1	2	0	1	0	0
ACTA2	6	5	15	0	6	2
ACTA2-AS1	2	1	1	0	1	0
ACTB	11686	16717	18075	5086	4567	4287
ACTBL2	0	0	0	0	0	0
ACTC1	0	0	1	0	0	0
ACTG1	1656	2642	2585	709	695	513
ACTG1P4	1	3	6	6	8	1
ACTG2	0	0	0	0	0	0
ACTL10	0	1	0	0	3	0
ACTL6A	66	21	84	59	88	74
ACTL6B	0	0	0	0	0	0
ACTL7A	0	0	0	1	0	0
ACTL7B	0	0	0	1	0	0
ACTL8	0	0	0	0	0	0
ACTL9	0	0	0	1	0	0
ACTN1	167	238	170	88	51	27
ACTN1-AS1	0	0	0	0	0	0
ACTN2	6	10	0	6	2	4
ACTN3	0	0	0	1	2	0
ACTN4	471	669	591	181	192	171
ACTR10	57	58	74	114	140	122
ACTR1A	341	261	199	121	189	90
ACTR1B	139	109	96	186	165	183
ACTR2	3117	3421	2820	1148	1631	1039
ACTR3	1808	2347	1901	1455	1372	1099
ACTR3B	18	14	5	18	36	12
ACTR3BP2	0	0	0	0	0	0
ACTR3C	8	2	5	5	5	6
ACTR5	27	36	75	33	41	40
ACTR6	13	7	36	28	35	33
ACTR8	111	142	227	99	175	69
ACTRT1	0	0	0	0	0	0
ACTRT2	0	0	2	0	0	0
ACTRT3	0	0	1	0	0	1
ACVR1	46	44	107	16	23	17
ACVR1B	99	169	123	54	65	53
ACVR1C	15	11	11	5	17	9
ACVR2A	188	111	57	84	58	49
ACVR2B	32	29	35	20	26	11
ACVR2B-AS1	0	0	3	0	1	0
ACVRL1	3	2	0	0	0	0
ACY1	0	0	0	0	0	0
ACY3	2	4	0	0	1	3
ACYP1	6	9	0	7	13	5
ACYP2	20	15	6	10	9	14
AD000090.2	8	8	0	18	13	16
ADA	141	219	45	61	32	56
ADAD1	0	0	0	0	0	0
ADAD2	1	0	2	0	1	0
ADAL	16	23	40	16	42	19
ADAM10	761	859	523	216	363	194
ADAM11	0	2	0	0	0	3
ADAM12	2	8	3	2	3	5
ADAM15	31	42	31	4	4	3
ADAM17	708	787	467	307	318	261
ADAM18	0	0	0	0	0	0
ADAM19	613	351	983	318	288	375
ADAM1A	13	16	49	18	52	20
ADAM2	0	0	0	0	0	0
ADAM20	5	0	1	3	13	1
ADAM20P1	2	3	0	5	6	0
ADAM21	0	1	1	0	3	2
ADAM21P1	0	0	0	1	1	0
ADAM22	23	19	35	20	31	13
ADAM23	3	7	1	9	1	12
ADAM28	958	232	501	1709	1738	1627
ADAM29	0	0	0	0	1	0
ADAM30	1	2	1	0	0	0
ADAM32	0	0	0	1	2	0
ADAM33	0	0	0	0	0	0
ADAM3A	0	0	0	0	0	0
ADAM6	0	0	0	0	0	0
ADAM7	2	0	0	0	0	0
ADAM8	272	361	164	152	114	119
ADAM9	233	241	115	184	98	147
ADAMDEC1	21	5	7	9	9	5
ADAMTS1	21	29	8	2	1	4
ADAMTS10	5	7	7	0	1	2
ADAMTS12	0	0	0	0	0	0
ADAMTS13	5	7	2	4	1	1
ADAMTS14	0	0	2	0	0	0
ADAMTS15	0	0	0	1	0	0
ADAMTS16	2	0	0	0	0	0
ADAMTS17	2	1	0	3	0	0
ADAMTS18	0	0	0	0	0	0
ADAMTS19	0	0	0	0	0	0
ADAMTS2	1	0	0	0	0	0
ADAMTS20	0	0	0	0	0	0
ADAMTS3	0	3	26	0	0	0
ADAMTS4	1	0	0	0	0	0
ADAMTS5	12	6	1	2	0	0
ADAMTS6	20	8	13	30	52	40
ADAMTS7	0	0	0	1	2	0
ADAMTS7P1	0	0	0	0	0	1
ADAMTS8	0	0	0	1	0	0
ADAMTS9	0	0	0	0	0	0
ADAMTSL1	0	0	0	0	0	0
ADAMTSL2	0	0	0	0	0	0
ADAMTSL3	0	0	0	0	0	0
ADAMTSL4	58	51	16	16	13	12
ADAMTSL4-AS1	23	23	33	12	13	10
ADAMTSL5	0	0	1	0	0	0
ADAP1	24	33	15	6	5	3
ADAP2	50	56	47	29	38	17
ADAR	1191	1123	1296	1185	1443	1266
ADARB1	165	80	192	88	97	123
ADARB2	0	0	4	0	0	1
ADARB2-AS1	0	0	0	0	0	0
ADAT1	26	43	33	48	71	38
ADAT2	72	66	61	77	97	91
ADAT3	6	5	6	3	1	1
ADC	4	5	17	0	2	0
ADCK1	9	11	10	1	6	4
ADCK2	49	40	33	16	43	12
ADCK3	129	116	200	113	143	111
ADCK4	8	5	15	4	2	5
ADCK5	5	2	0	4	2	5
ADCY1	4	2	21	11	6	2
ADCY10	2	2	1	1	2	2
ADCY10P1	50	15	40	28	24	13
ADCY2	2	0	0	0	0	0
ADCY3	96	61	92	117	149	177
ADCY4	13	9	9	2	8	8
ADCY5	0	0	1	0	2	1
ADCY6	1	2	0	0	0	1
ADCY7	425	571	380	159	152	192
ADCY8	0	0	0	0	0	0
ADCY9	136	217	94	12	14	15
ADCYAP1	1	2	0	0	0	3
ADCYAP1R1	0	0	0	0	0	0
ADD1	475	428	632	212	303	267
ADD2	85	40	26	29	41	53
ADD3	1566	1548	2057	538	815	743
ADD3-AS1	2	1	1	3	3	3
ADGB	0	0	1	0	0	0
ADH1A	0	0	0	0	0	0
ADH1B	0	0	0	0	0	0
ADH1C	0	0	0	0	0	0
ADH4	1	0	0	1	0	0
ADH5	109	100	114	67	159	109
ADH6	0	1	0	1	0	0
ADH7	0	0	0	0	0	0
ADHFE1	23	27	62	7	8	3
ADI1	113	115	116	56	94	78
ADIG	0	0	0	0	0	0
ADIPOQ	0	0	0	0	0	0
ADIPOQ-AS1	0	0	1	0	0	0
ADIPOR1	597	517	557	757	442	669
ADIPOR2	308	208	241	136	135	86
ADIRF	0	0	0	0	0	0
ADK	268	93	142	149	157	148
ADM	87	150	26	54	7	12
ADM2	18	9	32	4	2	2
ADM5	11	2	13	5	7	3
ADNP	1402	1037	1269	707	1094	646
ADNP2	450	316	388	374	289	429
ADO	51	50	69	83	65	56
ADORA1	0	0	1	0	0	0
ADORA2A	2	3	0	1	0	0
ADORA2A-AS1	89	91	19	29	21	10
ADORA2B	26	41	50	9	10	5
ADORA3	3	13	5	0	5	1
ADPGK	421	355	513	464	617	520
ADPGK-AS1	62	100	123	59	56	64
ADPRH	120	83	86	78	100	61
ADPRHL1	0	0	0	1	2	1
ADPRHL2	37	18	12	34	42	43
ADPRM	45	21	34	38	50	39
ADRA1A	0	0	1	0	0	0
ADRA1B	2	0	0	0	1	0
ADRA1D	0	0	0	1	0	0
ADRA2A	2	0	0	2	0	2
ADRA2B	14	17	40	3	3	3
ADRA2C	0	0	0	0	0	0
ADRB1	3	1	1	0	0	0
ADRB2	215	344	385	61	28	30
ADRB3	0	0	1	0	0	0
ADRBK1	135	180	191	99	97	83
ADRBK2	949	722	818	265	418	327
ADRM1	132	116	123	105	110	112
ADSL	53	53	59	82	89	105
ADSS	208	178	313	96	176	135
ADSSL1	3	5	0	0	0	1
ADTRP	12	23	9	6	1	3
AEBP1	56	32	54	28	39	40
AEBP2	299	214	109	207	272	218
AEN	109	60	82	79	82	140
AES	236	214	421	135	138	124
AF064858.7	0	0	0	0	0	0
AFAP1	23	20	8	7	12	10
AFAP1-AS1	2	10	2	3	0	0
AFAP1L1	0	0	0	0	0	0
AFAP1L2	3	1	0	2	3	2
AFF1	1203	998	1797	1742	1818	1678
AFF2	51	142	75	62	20	31
AFF3	1467	519	1176	424	822	834
AFF4	3047	2724	1832	1921	1904	1865
AFG3L1P	37	37	38	56	82	58
AFG3L2	100	112	87	171	222	163
AFM	0	0	0	0	0	0
AFMID	28	25	35	6	6	7
AFP	0	0	0	0	0	0
AFTPH	962	729	646	669	814	551
AGA	42	29	12	22	35	30
AGAP1	9	43	4	0	0	1
AGAP1-IT1	0	0	0	0	0	0
AGAP11	0	0	0	0	0	1
AGAP2	52	94	158	26	24	35
AGAP2-AS1	7	11	8	6	6	3
AGAP3	187	103	44	39	45	22
AGAP4	25	38	50	16	37	26
AGAP5	15	4	3	19	22	14
AGAP6	98	89	40	130	233	125
AGAP7	16	8	11	3	4	3
AGAP9	20	25	35	19	26	16
AGBL1	0	0	0	0	0	0
AGBL2	9	3	8	10	7	8
AGBL3	3	1	1	7	6	2
AGBL4	1	0	0	0	1	0
AGBL5	40	32	43	29	25	25
AGBL5-AS1	0	0	0	0	0	0
AGER	25	17	17	7	15	6
AGFG1	874	594	461	1201	1182	840
AGFG2	20	18	113	3	4	9
AGGF1	71	91	74	124	155	106
AGK	91	106	173	68	139	57
AGL	114	74	103	80	121	105
AGMAT	8	7	5	10	11	4
AGMO	0	0	0	0	0	0
AGO1	330	323	359	264	343	188
AGO2	530	396	413	784	1006	992
AGO3	228	230	213	93	116	68
AGO4	230	341	405	123	80	78
AGPAT1	69	102	91	34	44	23
AGPAT2	11	25	7	3	25	31
AGPAT3	122	197	138	89	136	65
AGPAT4	329	252	77	94	116	55
AGPAT4-IT1	36	27	43	4	7	11
AGPAT5	180	72	79	349	472	589
AGPAT6	464	222	244	351	429	470
AGPAT9	87	213	106	36	26	26
AGPS	167	235	173	83	157	81
AGR2	2	1	0	0	1	0
AGR3	0	0	0	0	0	0
AGRN	9	10	12	11	8	13
AGRP	0	0	0	0	0	0
AGT	0	0	1	0	0	0
AGTPBP1	613	850	663	280	313	279
AGTR1	0	0	1	0	0	0
AGTR2	0	0	0	0	0	0
AGTRAP	26	47	13	8	1	3
AGXT	0	0	0	0	0	0
AGXT2	0	0	0	0	0	0
AHCTF1	1318	1303	1546	1083	1201	898
AHCTF1P1	30	10	20	4	20	2
AHCY	75	66	47	22	23	28
AHCYL1	520	526	372	196	287	123
AHCYL2	100	114	193	27	37	29
AHDC1	44	41	75	10	10	11
AHI1	210	191	117	350	431	136
AHNAK	17551	14694	12477	4552	4023	4494
AHNAK2	48	29	54	13	8	9
AHR	2036	1529	852	682	451	378
AHRR	1	4	1	0	2	1
AHSA1	372	327	255	78	98	53
AHSA2	847	634	755	365	614	450
AHSG	0	0	0	0	0	0
AHSP	0	0	0	0	0	2
AICDA	0	3	0	0	2	0
AIDA	391	211	434	289	414	264
AIF1	900	1362	498	233	53	129
AIF1L	0	0	0	0	0	0
AIFM1	63	56	51	24	52	24
AIFM2	9	5	0	12	12	3
AIFM3	10	15	0	1	1	1
AIG1	57	44	48	19	53	20
AIM1	1211	1096	2118	340	888	429
AIM1L	0	0	2	1	0	0
AIM2	63	27	34	11	28	16
AIMP1	153	129	110	110	219	146
AIMP2	19	38	7	48	66	47
AIP	76	66	144	29	45	46
AIPL1	0	0	0	0	0	0
AIRE	0	0	1	0	0	0
AIRN	10	9	0	2	3	3
AJAP1	0	6	8	0	0	0
AJUBA	0	1	2	2	4	0
AK1	23	32	49	38	44	24
AK2	330	465	524	159	298	141
AK3	60	43	97	47	90	28
AK4	52	27	3	9	9	4
AK5	11	58	33	35	33	25
AK6	22	11	19	10	26	3
AK7	1	1	0	0	0	0
AK8	3	0	11	1	2	0
AK9	92	35	68	46	59	56
AKAP1	117	114	78	83	121	115
AKAP10	115	76	68	136	196	183
AKAP11	800	479	930	601	1026	521
AKAP12	186	1227	1390	73	50	70
AKAP13	5065	5331	5265	5180	4384	4790
AKAP14	0	0	0	1	1	0
AKAP17A	154	195	155	173	150	147
AKAP2	0	0	4	7	1	1
AKAP3	4	1	1	2	7	3
AKAP4	0	0	0	0	0	0
AKAP5	45	51	72	19	92	29
AKAP6	288	26	131	190	121	47
AKAP7	23	23	10	20	12	12
AKAP8	424	372	370	268	313	296
AKAP8L	85	104	185	73	122	76
AKAP9	1507	1352	1507	688	1115	715
AKIP1	15	4	11	1	9	2
AKIRIN1	957	753	604	417	447	409
AKIRIN2	308	264	297	137	103	78
AKNA	654	835	745	428	859	554
AKNAD1	1	0	0	0	0	0
AKR1A1	85	55	53	55	64	38
AKR1B1	119	96	190	72	77	50
AKR1B10	0	0	0	0	0	0
AKR1C1	1	6	0	0	1	1
AKR1C2	0	0	3	0	0	0
AKR1C3	8	38	32	3	0	6
AKR1C4	0	0	0	0	0	0
AKR1C6P	0	0	0	0	0	0
AKR1CL1	0	0	0	0	0	0
AKR1D1	0	0	0	0	0	0
AKR1E2	1	9	0	0	2	1
AKR7A2	12	20	13	6	4	6
AKR7A2P1	3	2	11	1	1	2
AKR7A3	0	0	3	0	0	0
AKR7L	6	1	0	4	2	5
AKT1	113	137	72	59	60	50
AKT1S1	16	25	18	10	12	2
AKT2	329	234	327	499	702	570
AKT3	441	351	437	233	259	206
AKTIP	31	32	61	34	63	37
AL022344.4	0	0	0	0	0	0
AL022476.2	1	1	3	0	0	0
AL132709.5	1	6	0	0	0	0
AL592528.1	0	0	0	2	6	1
ALAD	68	83	43	17	24	27
ALAS1	283	238	309	48	73	31
ALAS2	5	0	0	44	2	51
ALB	0	1	0	0	2	0
ALCAM	322	399	284	157	127	146
ALDH16A1	39	25	41	21	34	15
ALDH18A1	31	27	12	44	74	53
ALDH1A1	209	118	11	11	4	9
ALDH1A2	4	0	4	6	0	1
ALDH1A3	0	1	0	0	1	0
ALDH1B1	4	4	0	6	7	6
ALDH1L1	0	0	0	0	0	0
ALDH1L1-AS1	0	0	0	0	1	0
ALDH1L2	3	19	1	8	13	2
ALDH2	258	377	200	53	40	25
ALDH3A1	0	0	0	0	0	0
ALDH3A2	121	123	154	36	38	19
ALDH3B1	49	85	22	12	3	6
ALDH3B2	0	0	0	0	0	0
ALDH4A1	5	6	0	2	0	2
ALDH5A1	45	19	27	9	20	7
ALDH6A1	39	30	56	20	23	14
ALDH7A1	4	16	13	0	3	2
ALDH8A1	5	5	0	2	4	0
ALDH9A1	155	150	202	118	195	219
ALDOA	579	817	567	179	167	115
ALDOB	0	0	0	0	3	1
ALDOC	24	35	38	3	9	8
ALG1	15	13	23	23	54	14
ALG10	25	13	52	33	42	28
ALG10B	32	24	15	47	63	49
ALG11	13	16	47	29	37	47
ALG12	13	15	19	9	23	19
ALG13	1291	384	758	399	815	464
ALG14	6	6	1	8	10	2
ALG1L	3	0	1	3	2	0
ALG1L2	0	0	0	0	0	0
ALG1L9P	4	0	0	2	5	2
ALG2	200	183	278	198	234	179
ALG3	26	25	38	28	39	39
ALG5	34	47	44	73	60	64
ALG6	30	44	47	23	17	12
ALG8	84	83	120	47	74	64
ALG9	65	60	92	76	98	74
ALK	3	4	0	3	2	1
ALKBH1	50	29	27	36	56	29
ALKBH2	10	6	28	19	18	20
ALKBH3	12	17	7	22	33	35
ALKBH3-AS1	1	1	0	3	13	1
ALKBH4	11	6	35	9	22	17
ALKBH5	326	235	539	211	234	228
ALKBH6	18	13	9	8	4	18
ALKBH7	16	16	36	5	6	9
ALKBH8	35	31	57	24	60	26
ALLC	0	0	0	0	0	0
ALMS1	605	569	782	303	494	285
ALMS1-IT1	19	9	10	13	27	14
ALMS1P	1	1	3	1	2	0
ALOX12	14	13	34	10	11	3
ALOX12B	0	0	0	0	0	0
ALOX12P2	1	4	2	0	1	0
ALOX15	0	3	0	0	0	0
ALOX15B	6	5	0	0	0	0
ALOX15P1	1	0	6	0	2	1
ALOX5	257	252	354	247	182	263
ALOX5AP	293	621	1006	296	185	199
ALOXE3	0	2	0	1	1	0
ALPI	0	0	0	0	0	0
ALPK1	86	63	84	40	32	50
ALPK2	40	102	26	32	14	23
ALPK3	10	11	9	7	3	6
ALPL	24	3	4	22	78	14
ALPP	0	1	0	0	1	1
ALPPL2	0	0	0	0	0	0
ALS2	76	139	217	41	70	59
ALS2CL	3	7	12	2	0	0
ALS2CR11	1	0	0	3	6	1
ALS2CR12	10	12	19	26	26	25
ALX1	0	0	0	0	0	0
ALX3	0	0	0	1	2	0
ALX4	1	0	3	0	3	0
ALYREF	57	70	110	56	47	63
AMACR	0	0	0	0	1	0
AMBN	1	0	0	1	0	0
AMBP	0	0	0	0	0	0
AMBRA1	92	113	103	145	235	169
AMD1	850	699	1045	490	430	572
AMDHD1	3	7	2	0	1	2
AMDHD2	8	11	14	27	16	38
AMELX	0	0	1	0	0	0
AMER1	58	26	87	56	67	24
AMER2	0	0	0	0	1	3
AMER3	0	0	0	0	0	0
AMFR	270	135	281	256	279	228
AMH	0	0	1	0	0	0
AMHR2	0	0	0	0	0	0
AMICA1	505	769	481	55	19	27
AMIGO1	3	3	19	3	2	0
AMIGO2	37	20	29	17	7	18
AMIGO3	57	36	84	36	50	58
AMMECR1	37	36	85	38	24	21
AMMECR1L	157	98	102	129	157	96
AMN	1	0	1	0	2	4
AMN1	35	13	62	34	33	33
AMOT	36	17	61	7	15	12
AMOTL1	10	29	15	12	5	11
AMOTL2	0	1	0	0	0	0
AMPD1	0	1	0	0	0	0
AMPD2	207	233	123	80	38	49
AMPD3	442	168	109	143	414	173
AMPH	5	7	2	0	1	0
AMT	34	36	27	23	30	52
AMTN	0	0	0	0	0	0
AMY1A	0	0	0	0	0	0
AMY1B	0	0	0	0	0	0
AMY1C	0	0	0	0	0	0
AMY2A	0	0	0	0	1	0
AMY2B	98	60	80	95	93	86
AMZ1	35	21	43	34	55	37
AMZ2	423	303	526	575	523	668
AMZ2P1	174	188	171	150	189	155
ANAPC1	213	160	172	219	335	216
ANAPC10	22	21	19	46	40	45
ANAPC11	75	88	165	45	65	63
ANAPC13	53	58	20	43	55	39
ANAPC15	32	30	39	28	13	28
ANAPC16	202	174	283	135	287	153
ANAPC1P1	0	0	0	1	1	1
ANAPC2	9	6	11	6	15	6
ANAPC4	104	89	207	130	142	126
ANAPC5	193	158	272	118	210	173
ANAPC7	52	65	63	71	136	80
ANG	3	3	4	0	0	0
ANGEL1	41	42	19	39	72	22
ANGEL2	119	100	158	163	228	166
ANGPT1	3	9	0	5	0	3
ANGPT2	34	29	52	34	94	32
ANGPT4	0	1	0	0	0	0
ANGPTL1	41	15	18	40	59	30
ANGPTL2	4	2	6	1	10	2
ANGPTL3	0	0	0	1	1	0
ANGPTL4	0	1	1	0	2	0
ANGPTL5	5	0	0	2	2	1
ANGPTL6	30	26	29	23	23	30
ANGPTL7	8	2	0	13	30	13
ANHX	0	0	0	0	3	0
ANK1	32	12	24	41	33	39
ANK2	20	3	1	15	5	5
ANK3	196	109	288	71	156	34
ANKAR	21	14	46	25	39	44
ANKDD1A	70	60	28	44	39	24
ANKDD1B	0	0	1	0	2	0
ANKEF1	9	3	10	12	35	10
ANKFN1	0	0	0	0	0	0
ANKFY1	245	226	276	181	334	176
ANKH	347	327	414	194	364	134
ANKHD1	75	60	66	45	41	36
ANKHD1-EIF4EBP3	7	8	4	0	0	0
ANKIB1	352	312	299	168	241	225
ANKK1	3	2	0	0	0	1
ANKLE1	21	26	32	14	8	3
ANKLE2	625	358	260	370	603	386
ANKMY1	12	12	33	7	12	7
ANKMY2	44	61	44	25	15	21
ANKRA2	43	32	86	84	82	80
ANKRD1	0	0	0	0	0	0
ANKRD10	565	344	276	328	366	323
ANKRD11	1832	1560	1113	1856	2735	1978
ANKRD12	2171	2091	2141	1972	2074	2142
ANKRD13A	885	485	590	663	1004	668
ANKRD13B	0	2	1	0	0	1
ANKRD13C	142	133	167	180	196	180
ANKRD13D	40	55	53	23	30	15
ANKRD16	10	5	6	6	11	4
ANKRD17	1613	1432	1159	1208	1456	1184
ANKRD18A	14	9	17	2	4	3
ANKRD18B	0	0	0	0	0	0
ANKRD18CP	0	0	0	0	0	0
ANKRD18DP	5	0	8	12	23	4
ANKRD19P	6	5	2	6	6	1
ANKRD2	0	0	0	0	0	0
ANKRD20A1	0	2	5	0	1	0
ANKRD20A11P	3	22	6	1	0	0
ANKRD20A2	0	1	0	0	0	0
ANKRD20A3	1	0	0	0	0	0
ANKRD20A4	1	0	3	0	0	1
ANKRD20A5P	11	19	11	4	7	10
ANKRD20A8P	0	0	0	0	0	0
ANKRD20A9P	2	0	0	1	2	0
ANKRD22	12	12	11	1	0	2
ANKRD23	4	1	3	6	8	2
ANKRD24	0	1	1	1	2	2
ANKRD26	61	82	81	57	75	51
ANKRD26P1	0	1	0	0	0	0
ANKRD26P3	0	1	0	0	0	1
ANKRD27	109	125	123	41	72	65
ANKRD28	266	392	636	257	256	227
ANKRD29	0	0	0	1	1	0
ANKRD30A	0	0	1	0	0	0
ANKRD30B	0	0	3	0	0	0
ANKRD30BL	0	0	0	0	1	0
ANKRD30BP3	0	0	0	1	0	0
ANKRD31	1	0	7	2	2	2
ANKRD32	30	30	41	36	48	47
ANKRD33	0	2	0	0	0	0
ANKRD33B	635	149	273	571	673	731
ANKRD34A	5	5	17	3	3	2
ANKRD34B	6	5	0	0	0	0
ANKRD34C	0	0	0	0	0	0
ANKRD35	0	0	4	0	0	0
ANKRD36	488	221	308	162	285	234
ANKRD36B	140	92	283	97	136	96
ANKRD36BP1	202	241	426	242	253	252
ANKRD36BP2	1	35	5	3	2	0
ANKRD36C	448	310	397	242	449	289
ANKRD37	196	85	105	71	111	54
ANKRD39	14	8	9	12	14	17
ANKRD40	266	207	225	339	353	315
ANKRD42	131	59	78	92	92	67
ANKRD44	1717	957	1792	471	713	578
ANKRD44-IT1	24	15	46	27	88	15
ANKRD45	0	0	0	0	0	0
ANKRD46	19	10	22	50	96	37
ANKRD49	46	26	81	153	95	131
ANKRD50	228	375	176	79	45	35
ANKRD52	106	100	115	110	176	81
ANKRD53	0	3	4	6	4	1
ANKRD54	23	11	23	41	30	24
ANKRD55	7	22	13	0	2	2
ANKRD6	32	28	19	11	35	11
ANKRD60	0	0	0	0	0	0
ANKRD61	5	4	3	9	18	5
ANKRD62	0	1	0	0	0	0
ANKRD62P1-PARP4P3	0	1	0	0	0	0
ANKRD65	0	0	0	1	1	0
ANKRD66	0	0	0	0	0	0
ANKRD7	0	0	0	0	0	0
ANKRD9	2	0	0	0	0	1
ANKS1A	128	181	202	24	24	26
ANKS1B	25	41	27	5	19	10
ANKS3	8	2	5	4	4	9
ANKS4B	0	1	11	2	4	2
ANKS6	19	15	23	28	37	24
ANKUB1	0	0	0	0	0	0
ANKZF1	65	40	118	46	63	37
ANLN	11	21	7	5	3	0
ANO1	0	0	0	0	0	0
ANO1-AS2	0	0	0	0	1	0
ANO10	18	18	19	4	4	4
ANO2	0	0	1	0	1	2
ANO3	0	0	1	0	0	0
ANO4	0	0	0	0	0	0
ANO5	13	24	1	0	0	1
ANO6	470	469	234	100	93	108
ANO7	1	0	0	0	1	0
ANO8	10	16	5	0	1	3
ANO9	27	9	15	25	26	23
ANP32A	512	538	362	385	400	305
ANP32A-IT1	21	28	35	11	30	10
ANP32AP1	3	0	0	1	1	3
ANP32B	667	585	498	498	536	605
ANP32C	0	0	0	0	0	0
ANP32D	0	0	0	0	0	0
ANP32E	482	461	735	298	360	243
ANPEP	957	262	511	222	186	74
ANTXR1	0	0	2	0	0	1
ANTXR2	986	686	853	360	247	151
ANTXRL	1	0	0	0	0	0
ANTXRLP1	14	11	28	10	53	9
ANXA1	1659	1679	1160	514	184	173
ANXA10	0	0	0	0	0	0
ANXA11	228	247	453	136	140	176
ANXA13	0	0	0	0	0	0
ANXA2	1929	2183	1239	356	213	157
ANXA2P1	0	0	1	0	1	0
ANXA2P2	13	18	6	4	4	0
ANXA2P3	0	0	1	0	0	0
ANXA2R	16	22	48	19	18	11
ANXA3	19	47	1	7	1	9
ANXA4	180	221	119	34	21	33
ANXA5	2549	2469	764	443	264	294
ANXA6	352	211	224	58	127	88
ANXA7	413	374	300	484	564	488
ANXA8	1	1	0	1	0	0
ANXA8L1	0	0	0	0	0	0
ANXA9	0	1	9	0	0	0
AOAH	609	822	135	74	48	44
AOAH-IT1	0	1	0	0	2	0
AOC1	0	2	2	0	0	0
AOC2	13	12	12	9	6	12
AOC3	5	9	6	11	3	6
AOC4P	0	0	0	0	0	0
AOX1	0	0	0	0	0	0
AOX2P	1	0	1	0	1	1
AP000289.6	0	0	0	0	0	0
AP000330.8	5	4	0	4	1	3
AP000688.14	0	0	0	1	0	0
AP000688.8	0	0	0	0	0	0
AP001258.4	10	4	13	4	6	9
AP1AR	76	49	79	38	56	45
AP1B1	462	217	310	406	665	456
AP1G1	2142	1640	1724	1363	1458	1404
AP1G2	289	207	358	138	185	200
AP1M1	32	26	71	30	34	33
AP1M2	0	0	0	0	0	0
AP1S1	0	0	2	0	0	0
AP1S2	481	500	352	90	135	75
AP1S3	142	38	146	65	167	140
AP2A1	46	81	58	20	19	17
AP2A2	45	60	36	28	24	21
AP2B1	641	606	748	460	542	341
AP2M1	253	210	189	94	104	89
AP2S1	37	27	6	15	10	6
AP3B1	590	477	407	216	265	207
AP3B2	0	0	1	2	1	0
AP3D1	175	222	163	138	224	137
AP3M1	290	322	235	283	521	278
AP3M2	48	56	221	62	70	90
AP3S1	83	87	143	59	78	74
AP3S2	3	1	3	3	0	2
AP4B1	107	82	172	179	246	313
AP4B1-AS1	20	6	81	31	37	43
AP4E1	156	106	103	138	174	121
AP4M1	9	3	17	11	6	2
AP4S1	24	22	98	28	58	22
AP5B1	144	148	82	84	92	51
AP5M1	170	128	157	186	198	137
AP5S1	7	4	17	3	9	7
AP5Z1	88	96	41	91	87	69
APAF1	369	454	371	87	133	75
APBA1	3	17	22	1	1	0
APBA2	16	20	42	4	4	3
APBA3	5	2	8	5	14	2
APBB1	12	15	48	23	14	13
APBB1IP	243	271	222	51	47	41
APBB2	70	39	60	114	156	154
APBB3	72	38	40	22	30	26
APC	544	615	484	452	552	421
APC2	10	4	3	2	1	0
APCDD1	3	4	1	2	0	4
APCDD1L	0	0	0	0	1	0
APCDD1L-AS1	0	0	0	0	0	0
APCS	0	0	0	0	0	0
APEH	52	69	53	17	29	19
APEX1	515	521	804	345	410	401
APEX2	24	17	28	48	57	42
APH1A	30	31	93	40	38	51
APH1B	84	85	95	61	103	34
API5	426	402	540	485	729	589
APIP	16	37	10	9	17	11
APITD1	3	1	4	7	9	8
APITD1-CORT	0	0	0	0	0	0
APLF	52	38	23	65	76	48
APLN	0	0	0	0	0	0
APLNR	0	0	1	0	0	1
APLP1	5	3	4	0	1	0
APLP2	3731	3260	1066	1452	1246	969
APMAP	242	365	284	142	139	151
APOA1	0	5	1	1	0	0
APOA1BP	31	20	22	23	22	10
APOA2	7	6	2	1	0	0
APOA4	0	0	2	0	0	0
APOA5	0	0	1	0	0	0
APOB	0	0	2	0	0	0
APOBEC1	0	0	0	0	0	0
APOBEC2	2	2	10	3	10	5
APOBEC3A	231	342	121	110	16	23
APOBEC3B	5	26	9	10	1	2
APOBEC3B-AS1	8	8	1	1	1	0
APOBEC3C	137	152	146	56	62	45
APOBEC3D	37	32	70	19	33	18
APOBEC3F	111	66	147	96	121	54
APOBEC3G	175	151	80	155	136	93
APOBEC3H	0	1	1	2	4	4
APOBEC4	3	3	9	1	2	1
APOBR	68	169	106	42	25	16
APOC1	0	0	0	0	0	0
APOC1P1	0	0	0	0	0	0
APOC2	0	0	0	0	0	0
APOC3	0	0	0	0	0	0
APOC4	0	0	0	0	0	0
APOC4-APOC2	0	0	0	0	0	0
APOD	2	0	2	2	0	0
APOE	2	0	1	3	1	3
APOF	1	2	28	0	0	2
APOH	0	0	0	0	0	0
APOL1	33	24	41	20	40	30
APOL2	21	57	44	44	51	38
APOL3	146	214	150	118	190	159
APOL4	2	1	0	7	12	0
APOL5	0	0	0	0	0	0
APOL6	186	360	375	96	68	110
APOLD1	3	3	8	2	9	2
APOM	9	7	1	22	21	20
APOO	14	19	24	3	11	5
APOOL	93	99	94	80	139	81
APOPT1	7	15	17	8	14	11
APP	544	695	351	208	209	192
APPBP2	253	213	330	248	256	190
APPL1	448	288	437	338	705	393
APPL2	226	150	127	212	291	182
APRT	67	59	59	46	38	43
APTX	47	68	68	56	98	77
AQP1	1	0	0	0	0	0
AQP10	1	0	1	0	1	0
AQP11	6	2	1	18	35	7
AQP12A	0	0	0	0	0	0
AQP12B	0	0	0	0	0	0
AQP2	0	0	0	0	0	0
AQP3	17	55	61	12	8	0
AQP4	0	0	0	0	0	0
AQP4-AS1	0	0	0	0	0	0
AQP5	0	0	1	0	0	0
AQP6	0	0	1	0	0	0
AQP7	0	0	0	0	0	0
AQP7P1	0	0	0	0	3	0
AQP7P3	0	0	2	0	1	0
AQP8	2	0	1	0	2	0
AQP9	3595	2057	309	468	179	95
AQPEP	0	0	0	0	0	0
AQR	455	389	442	592	687	707
AR	4	8	9	1	0	2
ARAF	192	168	246	201	233	167
ARAP1	142	153	83	69	44	47
ARAP2	684	606	446	524	562	757
ARAP3	24	33	45	11	4	8
ARC	1	1	2	0	0	0
ARCN1	1459	1368	1595	1053	1220	1010
AREG	271	548	605	112	86	144
AREL1	401	413	507	496	645	446
ARF1	1858	1753	2389	1274	1078	1382
ARF3	427	594	266	148	221	134
ARF4	818	994	1095	321	251	247
ARF5	14	21	24	21	21	17
ARF6	791	859	617	513	695	543
ARFGAP1	50	49	91	45	51	30
ARFGAP2	41	44	66	64	89	67
ARFGAP3	452	365	275	162	140	133
ARFGEF1	891	962	862	504	691	440
ARFGEF2	778	574	550	1223	1224	1035
ARFIP1	29	28	34	20	44	26
ARFIP2	33	25	10	73	78	43
ARFRP1	19	12	13	22	28	14
ARG1	31	106	2	11	15	18
ARG2	161	138	220	73	121	98
ARGFX	1	0	0	0	0	0
ARGFXP2	0	1	2	1	7	1
ARGLU1	1063	739	743	912	928	979
ARHGAP1	149	203	157	90	126	97
ARHGAP10	17	29	22	10	10	6
ARHGAP11A	31	51	39	11	22	19
ARHGAP11B	10	9	5	4	13	10
ARHGAP12	174	123	128	136	147	143
ARHGAP15	498	358	512	194	249	274
ARHGAP17	453	312	456	166	178	149
ARHGAP18	52	87	51	43	64	25
ARHGAP19	59	77	62	28	22	19
ARHGAP19-SLIT1	0	0	0	0	0	0
ARHGAP20	17	4	30	23	14	15
ARHGAP21	544	607	465	245	218	131
ARHGAP22	7	6	0	1	0	0
ARHGAP23	0	0	1	1	0	1
ARHGAP24	630	142	299	119	156	113
ARHGAP25	1233	424	873	1219	1503	1583
ARHGAP26	685	847	588	186	95	90
ARHGAP26-AS1	4	0	2	1	0	0
ARHGAP26-IT1	2	1	0	1	0	0
ARHGAP27	237	324	193	153	140	118
ARHGAP28	0	0	0	0	0	0
ARHGAP29	3	4	1	2	5	0
ARHGAP30	370	447	452	222	249	133
ARHGAP31	314	325	197	108	357	122
ARHGAP32	197	140	115	97	38	86
ARHGAP33	1	6	9	0	1	6
ARHGAP35	492	432	498	204	247	196
ARHGAP36	0	0	0	0	0	0
ARHGAP39	1	1	4	0	3	15
ARHGAP4	146	150	124	111	123	126
ARHGAP40	0	0	1	0	0	0
ARHGAP42	44	14	17	18	12	17
ARHGAP44	3	1	10	4	8	7
ARHGAP5	457	369	548	437	518	529
ARHGAP5-AS1	4	6	0	3	2	2
ARHGAP6	8	8	11	6	5	3
ARHGAP8	0	0	0	0	0	0
ARHGAP9	386	341	293	175	268	139
ARHGDIA	284	250	282	239	203	214
ARHGDIB	3278	3733	4547	1955	2174	2206
ARHGEF1	392	374	477	197	243	198
ARHGEF10	17	29	7	7	10	19
ARHGEF10L	35	23	5	6	4	0
ARHGEF11	192	156	19	19	6	7
ARHGEF12	200	233	378	194	165	157
ARHGEF15	0	0	0	0	0	0
ARHGEF16	0	0	0	0	0	0
ARHGEF17	3	4	0	0	0	0
ARHGEF18	535	270	480	236	241	332
ARHGEF19	8	3	2	5	8	0
ARHGEF2	772	660	308	540	234	152
ARHGEF25	0	2	0	0	0	0
ARHGEF26	19	36	22	11	15	5
ARHGEF26-AS1	0	0	0	0	0	0
ARHGEF28	1	2	0	0	0	2
ARHGEF3	452	403	354	213	146	274
ARHGEF3-AS1	0	0	0	0	0	0
ARHGEF33	3	1	8	1	2	0
ARHGEF34P	12	1	3	2	15	3
ARHGEF35	8	6	11	8	14	11
ARHGEF37	1	0	1	1	4	0
ARHGEF38	1	0	0	1	1	1
ARHGEF39	154	76	108	47	150	117
ARHGEF4	1	3	2	0	4	0
ARHGEF40	45	58	16	19	11	4
ARHGEF5	11	8	48	21	27	16
ARHGEF6	906	1277	1785	165	141	246
ARHGEF7	739	393	607	628	886	1032
ARHGEF9	75	88	66	51	50	58
ARID1A	976	910	1059	622	735	448
ARID1B	782	529	542	391	487	426
ARID2	905	762	808	495	449	421
ARID3A	71	116	43	11	38	8
ARID3B	203	197	354	153	123	100
ARID3C	0	0	0	0	0	0
ARID4A	938	811	1011	779	591	615
ARID4B	1306	994	948	1332	1364	1533
ARID5A	308	219	184	193	161	215
ARID5B	1716	644	1174	2232	2711	2418
ARIH1	3228	2178	2297	1238	1162	995
ARIH2	306	266	294	252	351	268
ARIH2OS	7	4	22	8	9	9
ARL1	66	42	71	81	134	87
ARL10	9	11	1	14	22	9
ARL11	13	20	5	12	23	8
ARL13A	1	1	0	0	4	2
ARL13B	119	60	39	73	115	53
ARL14	0	0	1	0	0	0
ARL14EP	111	81	97	172	109	157
ARL14EPL	2	0	0	2	2	1
ARL15	78	45	54	15	20	15
ARL16	18	28	44	29	25	17
ARL17A	691	713	1195	251	752	685
ARL17B	7	19	9	2	3	10
ARL2	8	5	0	2	12	3
ARL2-SNX15	0	0	0	0	0	0
ARL2BP	132	122	196	156	150	192
ARL3	20	19	4	15	24	8
ARL4A	295	207	253	261	174	282
ARL4C	767	2875	2104	1396	686	1245
ARL4D	36	18	54	0	3	2
ARL5A	124	103	154	129	126	169
ARL5B	2303	2252	1039	200	227	209
ARL5C	0	0	0	0	0	0
ARL6	10	4	5	10	15	6
ARL6IP1	1151	1087	1237	812	699	1044
ARL6IP4	73	87	78	53	58	42
ARL6IP5	365	499	403	96	192	89
ARL6IP6	70	65	131	48	51	33
ARL8A	33	28	26	19	13	25
ARL8B	620	595	439	190	215	159
ARL9	2	0	1	1	4	2
ARMC1	51	43	43	71	93	77
ARMC10	48	43	69	43	68	26
ARMC12	4	3	3	1	5	2
ARMC2	7	9	11	6	13	6
ARMC2-AS1	0	0	0	0	0	0
ARMC3	1	0	0	2	0	3
ARMC4	0	0	0	1	0	0
ARMC4P1	0	0	0	0	0	0
ARMC5	90	95	129	39	44	46
ARMC6	7	3	2	1	7	9
ARMC7	15	5	16	2	13	3
ARMC8	360	332	379	429	474	388
ARMC9	4	2	0	0	1	2
ARMCX1	13	44	4	1	1	1
ARMCX2	18	4	3	10	15	8
ARMCX3	417	399	343	139	211	160
ARMCX4	47	32	38	36	31	30
ARMCX5	20	18	7	22	24	22
ARMCX5-GPRASP2	4	1	2	2	3	1
ARMCX6	79	69	72	63	63	53
ARMS2	0	0	0	0	0	0
ARNT	312	334	367	153	173	132
ARNT2	3	3	3	0	2	0
ARNTL	111	120	134	87	103	78
ARNTL2	27	10	1	19	19	23
ARPC1A	49	41	89	64	105	61
ARPC1B	252	280	186	75	72	44
ARPC2	3534	3927	3592	1920	1728	1735
ARPC3	573	602	601	280	401	286
ARPC4	325	335	320	195	277	201
ARPC4-TTLL3	0	0	0	0	0	0
ARPC5	601	580	382	164	227	162
ARPC5L	141	93	129	155	144	126
ARPP19	1337	760	1285	1567	1760	1459
ARPP21	1	4	4	0	0	1
ARR3	0	0	0	0	0	1
ARRB1	291	437	321	28	21	36
ARRB2	470	792	427	293	154	141
ARRDC1	30	20	30	22	23	12
ARRDC2	645	377	359	624	857	750
ARRDC3	602	579	508	354	476	509
ARRDC3-AS1	5	2	10	3	8	5
ARRDC4	68	31	43	99	14	48
ARRDC5	12	17	11	12	14	9
ARSA	29	28	41	13	18	12
ARSB	185	220	238	89	119	48
ARSD	68	48	67	6	10	8
ARSE	0	0	0	0	0	0
ARSF	0	0	0	0	0	0
ARSG	43	74	83	21	24	22
ARSH	0	0	0	0	0	0
ARSI	0	0	0	2	3	0
ARSJ	0	3	0	0	0	0
ARSK	25	14	17	9	21	20
ART1	1	2	0	2	1	0
ART3	0	0	2	2	1	2
ART4	2	1	1	1	5	1
ART5	0	0	0	0	0	0
ARTN	0	1	0	1	0	0
ARV1	13	14	13	14	32	24
ARVCF	7	6	3	3	2	1
ARX	0	0	0	0	0	0
AS3MT	0	0	0	0	0	0
ASAH1	830	926	397	330	238	211
ASAH2	0	2	0	0	0	0
ASAH2B	3	6	13	2	3	3
ASAP1	1217	1388	572	350	260	345
ASAP1-IT1	71	24	6	16	15	3
ASAP1-IT2	27	13	3	2	15	7
ASAP2	16	16	15	7	6	4
ASAP3	3	3	0	5	3	1
ASB1	47	25	65	83	146	68
ASB10	0	0	0	0	0	0
ASB11	2	0	0	0	1	0
ASB12	2	0	0	0	0	0
ASB13	5	5	3	4	3	3
ASB14	32	15	17	49	70	44
ASB15	1	0	0	8	1	4
ASB16	1	2	0	0	5	3
ASB16-AS1	6	10	19	10	25	6
ASB17	0	0	1	0	0	0
ASB18	0	0	0	0	0	0
ASB2	1	21	3	4	1	2
ASB3	24	16	20	25	29	24
ASB4	0	0	0	0	0	0
ASB5	0	0	0	0	0	0
ASB6	116	137	137	113	120	130
ASB7	97	95	104	167	197	154
ASB8	89	109	136	152	204	137
ASB9	0	0	0	0	0	0
ASB9P1	3	5	0	1	0	0
ASCC1	125	110	108	121	189	153
ASCC2	112	156	147	151	146	120
ASCC3	461	410	507	245	390	285
ASCL1	0	0	3	3	3	0
ASCL2	0	0	0	0	0	0
ASCL3	0	0	0	0	0	0
ASCL4	0	2	0	0	0	0
ASF1A	67	102	138	33	55	44
ASF1B	10	18	29	4	3	6
ASGR1	2	5	1	3	0	2
ASGR2	29	24	3	0	2	0
ASH1L	2335	1616	1851	1124	1679	1089
ASH1L-AS1	32	24	21	14	19	28
ASH2L	115	124	97	132	183	114
ASIC1	0	0	10	1	0	0
ASIC2	0	0	0	0	0	0
ASIC3	2	1	1	0	5	2
ASIC4	0	0	0	0	0	0
ASIC5	0	0	0	0	0	0
ASIP	0	0	0	1	0	0
ASL	48	40	21	34	20	15
ASMT	0	1	4	4	0	2
ASMTL	95	98	72	59	58	33
ASMTL-AS1	20	40	23	12	23	8
ASNA1	44	51	65	31	35	22
ASNS	129	99	120	111	133	78
ASNSD1	122	126	101	98	164	125
ASPA	0	0	0	0	1	0
ASPDH	0	0	0	0	1	1
ASPG	0	0	0	0	0	0
ASPH	689	311	206	88	105	58
ASPHD1	2	2	2	0	5	1
ASPHD2	24	24	18	23	32	23
ASPM	23	37	67	2	0	2
ASPN	2	0	1	2	5	4
ASPRV1	0	3	2	2	1	0
ASPSCR1	14	11	14	5	8	5
ASRGL1	20	37	23	4	3	0
ASS1	0	0	0	0	0	0
ASTE1	66	51	92	67	83	89
ASTL	18	9	19	7	2	6
ASTN1	0	0	0	0	0	0
ASTN2	6	2	0	0	0	1
ASUN	53	43	35	41	45	37
ASXL1	860	424	757	694	754	638
ASXL2	603	541	874	197	397	204
ASXL3	0	0	0	0	0	0
ATAD1	148	137	152	210	273	176
ATAD2	226	193	166	212	125	128
ATAD2B	732	715	666	722	1263	610
ATAD3A	17	8	3	7	13	14
ATAD3B	26	17	31	28	48	91
ATAD3C	0	2	8	1	0	2
ATAD5	46	40	47	72	72	42
ATAT1	35	23	32	26	46	17
ATCAY	0	0	1	1	0	0
ATE1	124	102	150	71	93	57
ATE1-AS1	1	0	0	0	4	0
ATF1	260	190	141	64	78	75
ATF2	458	335	417	320	460	337
ATF3	167	482	144	83	19	48
ATF4	1550	2026	1673	969	722	1016
ATF5	73	87	41	33	37	12
ATF6	1189	596	480	566	698	646
ATF6B	129	138	162	49	63	67
ATF7	286	264	259	97	159	82
ATF7IP	2676	887	2336	1654	1867	1421
ATF7IP2	108	74	119	161	316	149
ATG10	13	25	45	11	35	13
ATG12	171	159	245	151	210	160
ATG13	215	245	329	280	321	256
ATG14	215	190	245	175	233	173
ATG16L1	113	93	126	226	203	219
ATG16L2	102	100	97	43	20	37
ATG2A	138	143	258	126	42	58
ATG2B	549	375	616	562	630	477
ATG3	748	1248	365	443	429	469
ATG4A	38	39	65	41	50	27
ATG4B	75	66	98	46	74	36
ATG4C	11	30	29	7	17	10
ATG4D	64	85	71	71	66	70
ATG5	136	131	169	167	187	154
ATG7	226	187	131	107	137	55
ATG9A	120	118	124	202	187	164
ATG9B	9	3	4	5	6	9
ATHL1	110	107	154	128	108	86
ATIC	114	85	243	116	201	134
ATL1	25	22	25	8	25	16
ATL2	327	241	198	344	350	347
ATL3	236	245	317	119	211	89
ATM	1716	1331	2701	686	897	766
ATMIN	229	208	333	233	363	235
ATN1	163	106	145	65	79	63
ATOH1	0	0	0	0	0	0
ATOH7	1	0	1	0	0	0
ATOH8	0	0	0	1	0	0
ATOX1	20	27	15	11	18	9
ATP10A	13	79	78	7	2	5
ATP10B	2	3	0	1	2	0
ATP10D	520	1395	2556	159	231	151
ATP11A	546	560	228	134	168	116
ATP11A-AS1	8	8	2	3	2	2
ATP11B	1532	1693	1433	1011	1050	956
ATP11C	262	159	179	97	156	127
ATP12A	0	0	0	0	1	0
ATP13A1	98	110	66	83	104	76
ATP13A2	30	18	13	12	20	15
ATP13A3	2324	1597	1130	618	765	454
ATP13A4	10	1	6	4	5	3
ATP13A5	0	0	1	0	0	0
ATP1A1	2845	2900	1859	793	903	732
ATP1A1OS	224	223	182	53	78	62
ATP1A2	0	1	1	0	0	0
ATP1A3	17	12	41	6	6	4
ATP1A4	2	0	8	0	0	0
ATP1B1	72	280	197	18	13	7
ATP1B2	14	23	52	6	5	3
ATP1B3	4271	2378	2226	592	1146	984
ATP1B4	1	0	0	0	0	0
ATP2A1	1	2	0	2	2	1
ATP2A2	1341	1463	1254	688	700	551
ATP2A3	490	313	489	432	511	462
ATP2B1	5358	3941	1804	2458	2299	1736
ATP2B2	2	5	0	2	7	2
ATP2B3	0	0	0	0	7	0
ATP2B4	384	757	557	44	22	76
ATP2C1	397	318	344	205	182	173
ATP2C2	1	0	1	0	1	0
ATP4A	0	0	1	0	0	0
ATP4B	0	2	0	0	0	0
ATP5A1	484	487	675	305	609	433
ATP5B	2554	3066	1844	1600	1791	1715
ATP5C1	235	239	213	197	172	222
ATP5D	57	32	47	21	20	22
ATP5E	32	24	14	7	17	12
ATP5EP2	0	0	0	0	0	2
ATP5F1	307	382	212	234	297	190
ATP5G1	28	34	13	13	16	16
ATP5G2	48	70	73	46	37	33
ATP5G3	191	238	139	102	168	131
ATP5H	64	68	52	21	56	36
ATP5I	23	41	44	33	32	31
ATP5J	95	117	177	76	85	79
ATP5J2	45	65	51	29	30	14
ATP5J2-PTCD1	0	0	0	0	0	0
ATP5L	181	196	192	161	160	149
ATP5L2	2	0	0	2	0	4
ATP5O	188	163	266	136	163	176
ATP5S	45	46	92	53	65	76
ATP5SL	44	36	36	30	39	38
ATP6AP1	185	172	224	55	41	38
ATP6AP1L	0	1	1	0	1	0
ATP6AP2	367	358	184	165	152	170
ATP6V0A1	320	201	385	165	151	131
ATP6V0A2	248	258	460	262	366	223
ATP6V0A4	0	0	0	0	0	1
ATP6V0B	251	240	294	154	107	90
ATP6V0C	765	824	529	415	391	400
ATP6V0CP3	0	0	0	0	0	1
ATP6V0D1	1244	1061	485	363	366	305
ATP6V0D2	1	0	3	2	0	0
ATP6V0E1	398	350	324	209	224	189
ATP6V0E2	6	5	4	3	3	4
ATP6V0E2-AS1	2	2	10	1	1	2
ATP6V1A	399	512	343	224	271	153
ATP6V1B1	0	0	0	0	0	0
ATP6V1B2	1392	1534	737	517	499	252
ATP6V1C1	579	378	197	205	297	189
ATP6V1C2	248	222	310	565	533	712
ATP6V1D	88	127	90	67	71	64
ATP6V1E1	178	205	156	173	213	153
ATP6V1E2	15	11	18	3	5	6
ATP6V1F	122	106	85	114	79	107
ATP6V1G1	207	212	135	141	151	150
ATP6V1G2	3	1	4	2	2	3
ATP6V1G2-DDX39B	0	0	0	0	0	0
ATP6V1G3	0	0	0	0	0	0
ATP6V1H	250	195	111	128	129	143
ATP7A	162	186	228	48	83	44
ATP7B	4	0	6	0	1	0
ATP8A1	304	262	494	372	297	425
ATP8A2	1	3	5	1	1	0
ATP8B1	19	5	11	3	33	6
ATP8B2	65	80	222	27	49	33
ATP8B3	1	4	0	0	0	3
ATP8B4	118	269	312	29	10	25
ATP8B5P	1	0	1	1	0	1
ATP9A	25	22	24	28	10	16
ATP9B	218	188	202	123	241	109
ATPAF1	29	31	25	11	22	17
ATPAF2	29	28	47	21	44	12
ATPIF1	56	71	127	38	74	30
ATR	380	294	664	536	823	509
ATRAID	72	45	138	61	69	89
ATRIP	11	5	18	28	32	23
ATRN	111	119	45	28	58	36
ATRNL1	5	3	4	2	10	0
ATRX	1171	925	996	402	565	509
ATXN1	120	174	200	27	47	21
ATXN10	130	115	172	71	121	65
ATXN1L	696	425	568	519	441	621
ATXN2	232	248	205	92	178	98
ATXN2L	616	526	729	347	482	320
ATXN3	149	146	145	89	128	84
ATXN3L	0	0	0	0	0	0
ATXN7	1727	1928	2709	909	1034	891
ATXN7L1	130	130	261	155	154	160
ATXN7L2	11	12	3	8	15	17
ATXN7L3	185	146	150	141	97	84
ATXN7L3B	309	262	469	550	394	480
ATXN8OS	0	0	0	0	0	0
AUH	28	18	86	12	28	13
AUNIP	6	10	26	2	3	7
AUP1	368	239	175	272	258	292
AURKA	59	153	183	11	4	6
AURKAIP1	32	28	77	23	19	22
AURKAPS1	62	41	31	36	83	46
AURKB	0	3	6	0	0	0
AURKC	2	1	2	8	8	12
AUTS2	147	276	75	94	116	64
AVEN	21	21	27	7	9	13
AVIL	21	32	17	19	34	17
AVL9	184	160	228	211	285	150
AVP	0	0	0	0	1	0
AVPI1	44	60	36	9	6	9
AVPR1A	9	0	1	1	3	6
AVPR1B	1	0	0	1	0	0
AVPR2	3	1	0	0	3	1
AWAT1	0	0	0	0	0	0
AWAT2	0	0	0	0	0	0
AXDND1	1	0	2	0	1	4
AXIN1	106	110	109	93	61	69
AXIN2	55	31	131	131	151	3
AXL	13	119	61	5	10	8
AZGP1	0	0	0	0	0	0
AZI1	23	8	14	9	13	9
AZI2	106	183	70	55	52	37
AZIN1	875	964	557	433	432	488
AZU1	1	4	0	1	0	0
B2M	5887	5826	7715	2219	2255	2811
B3GALNT1	2	2	2	3	8	2
B3GALNT2	148	131	137	60	92	101
B3GALT1	0	0	0	1	0	0
B3GALT2	41	34	47	17	84	37
B3GALT4	5	5	13	2	11	2
B3GALT5	0	0	1	0	0	0
B3GALT6	64	19	23	34	70	41
B3GALTL	35	18	31	116	150	88
B3GAT1	2	12	9	0	1	3
B3GAT2	12	13	8	5	7	5
B3GAT3	11	16	36	38	25	21
B3GNT1	0	3	0	0	1	0
B3GNT2	190	158	117	66	48	56
B3GNT3	0	0	15	0	1	0
B3GNT4	1	2	2	0	0	0
B3GNT5	574	570	177	316	149	72
B3GNT6	0	0	0	0	0	0
B3GNT7	242	259	122	82	90	46
B3GNT8	0	2	1	1	0	0
B3GNT9	21	13	15	11	16	8
B3GNTL1	36	50	29	13	25	18
B4GALNT1	0	0	1	0	0	0
B4GALNT2	0	0	0	0	0	0
B4GALNT3	2	0	1	0	0	0
B4GALNT4	0	0	0	0	1	0
B4GALT1	5061	4847	3639	2925	2794	2840
B4GALT2	2	4	6	1	1	3
B4GALT3	35	34	56	17	24	14
B4GALT4	112	138	93	54	73	75
B4GALT5	1085	771	591	410	244	288
B4GALT6	15	32	20	5	1	4
B4GALT7	9	6	13	34	45	19
B9D1	4	3	2	2	9	2
B9D2	12	6	7	10	12	22
BAALC	5	1	2	5	4	4
BAALCOS	1	1	0	0	0	0
BAAT	3	1	1	0	2	3
BABAM1	68	50	68	29	55	39
BACE1	36	50	2	9	10	3
BACE1-AS	6	2	0	0	5	2
BACE2	113	90	229	47	85	63
BACH1	4144	2654	2371	1533	1623	1823
BACH2	2298	751	3126	725	976	895
BAD	14	8	0	2	5	6
BAG1	320	317	277	246	221	181
BAG2	43	9	47	28	28	16
BAG3	329	446	205	35	23	17
BAG4	100	74	105	76	86	63
BAG5	416	243	414	461	419	491
BAG6	387	332	403	194	201	203
BAGE2	0	0	0	1	0	0
BAHCC1	12	14	4	2	0	1
BAHD1	72	61	78	87	103	81
BAI1	5	0	0	5	2	0
BAI2	0	1	4	1	0	0
BAI3	3	2	0	0	0	0
BAIAP2	32	80	20	14	9	7
BAIAP2-AS1	4	16	10	2	1	0
BAIAP2L1	30	47	31	55	48	32
BAIAP2L2	0	2	0	0	0	2
BAIAP3	35	18	15	16	47	19
BAK1	91	52	97	40	55	37
BAMBI	13	15	32	9	10	9
BANF1	152	69	75	49	66	69
BANF2	0	0	0	0	0	0
BANK1	3197	435	1626	826	994	1349
BANP	134	118	76	131	241	133
BAP1	121	126	181	171	185	170
BARD1	69	70	84	66	84	36
BARHL1	0	0	1	0	0	0
BARHL2	0	1	0	0	0	0
BARX1	0	0	0	1	0	4
BARX2	0	0	0	0	0	0
BASP1	1858	1593	1447	923	823	721
BASP1P1	0	1	0	0	0	0
BATF	13	12	7	3	13	4
BATF2	1	1	0	0	0	0
BATF3	6	10	33	0	1	3
BAX	17	20	25	5	8	3
BAZ1A	2999	2836	1114	1045	1152	907
BAZ1B	644	488	642	753	924	527
BAZ2A	1537	1075	1681	1265	1329	963
BAZ2B	989	1268	1119	739	787	642
BBC3	3	7	0	0	1	3
BBIP1	375	308	393	372	421	338
BBOX1	0	0	0	0	0	0
BBS1	14	11	2	4	13	4
BBS10	16	56	41	13	31	23
BBS12	6	1	4	6	5	12
BBS2	45	43	67	127	117	89
BBS4	21	23	11	26	37	32
BBS5	0	0	0	2	6	3
BBS7	38	23	60	21	33	12
BBS9	219	165	258	129	129	139
BBX	1208	838	932	615	681	641
BCAM	0	0	0	0	0	0
BCAN	0	1	0	0	0	0
BCAP29	78	109	104	120	99	50
BCAP31	58	79	135	30	33	24
BCAR1	0	0	0	0	0	0
BCAR3	80	57	134	91	75	38
BCAR4	0	0	0	1	0	0
BCAS1	11	10	12	3	11	1
BCAS2	424	173	295	120	116	134
BCAS3	204	167	286	58	83	72
BCAS4	16	7	15	6	10	3
BCAT1	158	140	25	79	45	40
BCAT2	15	8	22	4	8	5
BCCIP	177	148	181	173	201	169
BCDIN3D	12	10	34	24	35	11
BCDIN3D-AS1	5	2	9	5	15	2
BCHE	0	0	1	0	0	0
BCKDHA	21	15	7	12	15	11
BCKDHB	35	34	72	7	14	14
BCKDK	38	34	19	18	12	4
BCL10	309	267	361	154	206	184
BCL11A	559	157	468	459	788	465
BCL11B	43	250	542	33	28	19
BCL2	880	328	879	381	566	459
BCL2A1	3228	3445	699	381	154	228
BCL2L1	28	40	29	70	30	49
BCL2L10	9	3	0	9	15	9
BCL2L11	1323	865	798	2548	3671	4044
BCL2L12	8	6	12	4	6	2
BCL2L13	183	222	85	87	134	56
BCL2L14	1	0	0	0	3	0
BCL2L15	7	17	14	9	51	15
BCL2L2	35	34	18	6	24	10
BCL2L2-PABPN1	0	0	0	0	0	0
BCL3	378	532	261	217	224	168
BCL6	1713	1251	1689	872	516	796
BCL6B	6	1	3	3	6	4
BCL7A	97	55	104	178	137	268
BCL7B	225	161	262	195	135	252
BCL7C	2	5	1	1	4	1
BCL9	41	61	104	34	17	23
BCL9L	429	586	608	320	373	419
BCLAF1	3132	2384	2568	2608	2177	2983
BCMO1	0	0	0	0	0	0
BCO2	8	8	0	1	1	1
BCOR	1371	1025	886	1684	1890	1617
BCORL1	158	137	142	20	36	15
BCORP1	0	20	0	4	0	0
BCR	76	105	95	43	34	43
BCRP2	1	7	3	1	1	1
BCRP3	1	3	2	1	0	0
BCS1L	24	11	10	24	41	18
BCYRN1	0	9	0	1	0	1
BDH1	22	12	5	9	13	9
BDH2	22	16	8	47	43	41
BDKRB1	0	0	0	0	0	0
BDKRB2	0	0	1	0	2	0
BDNF	3	0	0	0	1	1
BDNF-AS	1	0	0	0	0	0
BDP1	1296	940	1219	1135	1409	997
BEAN1	0	0	0	0	2	0
BECN1	148	85	101	136	158	150
BEGAIN	0	7	0	1	4	0
BEND2	12	1	1	24	26	9
BEND3	107	59	68	79	60	66
BEND3P3	20	34	43	10	47	8
BEND4	312	35	156	136	194	107
BEND5	24	5	15	22	11	21
BEND6	1	10	1	0	0	0
BEND7	0	0	1	1	5	2
BEST1	171	241	302	160	56	94
BEST2	0	0	0	0	0	1
BEST3	1	0	0	0	0	0
BEST4	1	2	1	3	2	3
BET1	26	20	22	22	51	27
BET1L	149	119	121	211	261	187
BEX1	8	4	0	9	4	6
BEX2	100	40	77	76	94	92
BEX4	66	86	67	110	81	113
BEX5	2	3	4	0	1	0
BFAR	186	142	168	140	306	133
BFSP1	1	6	2	3	1	1
BFSP2	0	0	0	0	0	1
BFSP2-AS1	0	1	12	0	2	0
BGLAP	0	0	0	0	0	0
BGN	0	0	0	0	0	0
BHLHA15	0	0	0	0	0	0
BHLHA9	0	0	0	0	0	0
BHLHB9	4	4	11	0	2	2
BHLHE22	0	0	1	0	1	0
BHLHE23	0	0	0	0	0	0
BHLHE40	4356	7452	5431	2399	1015	2126
BHLHE40-AS1	0	1	1	0	3	3
BHLHE41	151	29	61	23	58	15
BHMT	0	0	0	1	2	0
BHMT2	0	0	0	0	1	0
BICC1	5	11	9	0	0	1
BICD1	166	62	115	26	31	13
BICD2	219	209	158	121	177	94
BID	488	556	153	109	130	111
BIK	0	4	1	0	1	0
BIN1	123	130	142	39	89	52
BIN2	526	894	676	140	94	171
BIN3	49	30	64	43	44	52
BIN3-IT1	10	5	1	11	16	11
BIRC2	1467	956	927	657	820	965
BIRC3	17023	8148	14108	5283	8401	7287
BIRC5	3	5	1	3	0	0
BIRC6	2513	1904	2189	1260	2057	1175
BIRC7	0	0	0	0	1	0
BIRC8	0	0	1	0	0	0
BIVM	3	19	12	3	6	7
BIVM-ERCC5	0	0	0	0	0	0
BLACAT1	0	0	0	0	0	0
BLACE	7	3	0	0	0	0
BLCAP	167	114	210	174	227	171
BLID	0	0	0	0	0	0
BLK	216	34	219	217	391	211
BLM	67	43	49	69	90	58
BLMH	35	77	67	58	48	48
BLNK	317	156	237	96	95	130
BLOC1S1	14	24	17	7	0	9
BLOC1S1-RDH5	0	0	0	0	0	0
BLOC1S2	140	94	102	181	156	142
BLOC1S3	51	50	96	60	63	46
BLOC1S4	32	23	54	31	37	28
BLOC1S5	0	0	0	0	0	0
BLOC1S5-TXNDC5	0	0	0	0	0	0
BLOC1S6	877	870	529	409	410	376
BLVRA	79	87	48	19	14	13
BLVRB	56	49	28	20	7	13
BLZF1	40	49	82	50	41	54
BMF	407	314	260	432	377	297
BMI1	1	3	2	3	3	3
BMP1	7	4	15	2	3	0
BMP10	0	0	0	0	0	1
BMP15	0	0	1	1	0	0
BMP2	2	3	1	1	0	1
BMP2K	882	426	1011	586	939	670
BMP3	1	1	0	4	1	1
BMP4	1	0	0	0	0	0
BMP5	0	0	1	0	0	0
BMP6	48	33	4	33	50	35
BMP7	0	0	0	0	0	0
BMP8A	28	42	71	37	57	15
BMP8B	20	4	5	1	18	13
BMPER	0	0	3	0	0	1
BMPR1A	31	17	17	8	20	11
BMPR1B	0	2	1	0	0	0
BMPR2	369	356	404	136	243	171
BMS1	220	225	182	519	587	491
BMS1P17	0	0	0	0	0	0
BMS1P18	0	0	0	0	0	0
BMS1P2	4	7	6	6	18	5
BMS1P20	186	112	169	61	69	53
BMS1P4	16	4	17	36	38	31
BMS1P5	9	13	11	8	32	12
BMS1P6	121	63	99	115	245	104
BMX	1	15	4	1	0	0
BNC1	0	0	1	0	0	0
BNC2	24	66	4	6	0	15
BNIP1	8	5	3	12	16	13
BNIP2	574	512	384	366	372	341
BNIP3	27	21	32	8	36	13
BNIP3L	722	675	539	623	259	598
BNIPL	1	1	14	2	2	2
BOC	1	1	1	0	0	1
BOD1	86	51	61	59	80	77
BOD1L1	1870	1541	1515	1993	2671	2003
BOD1L2	0	0	0	0	0	0
BOK	0	0	0	0	0	0
BOK-AS1	0	0	0	0	2	1
BOLA1	5	1	0	1	4	0
BOLA2	10	6	7	3	4	4
BOLA2B	0	0	0	0	0	0
BOLA3	2	4	5	4	7	3
BOLA3-AS1	43	31	39	49	47	39
BOLL	3	0	2	2	2	0
BOP1	18	11	5	14	21	19
BORA	45	37	58	32	106	51
BPGM	54	84	51	43	16	41
BPHL	10	8	8	13	19	8
BPI	22	110	10	22	2	5
BPIFA3	0	0	0	0	0	0
BPIFB1	0	0	0	0	0	0
BPIFB2	0	0	0	0	0	0
BPIFB4	0	0	1	0	0	0
BPIFB6	0	0	0	0	0	0
BPIFC	1	4	11	0	0	0
BPNT1	16	13	61	12	14	5
BPTF	4013	2697	2874	2176	3652	2388
BRAF	1792	1045	837	1554	2393	1347
BRAP	204	210	277	373	299	331
BRAT1	68	21	77	46	73	49
BRCA1	29	34	14	8	13	10
BRCA2	165	103	138	151	161	138
BRCC3	56	87	31	64	111	58
BRD1	406	323	521	279	378	344
BRD2	3346	3545	3787	1418	1409	1403
BRD3	130	109	141	70	137	52
BRD4	871	675	768	636	811	590
BRD7	210	151	121	176	212	252
BRD7P3	17	13	7	4	9	2
BRD8	88	69	95	74	174	88
BRD9	77	41	45	75	96	79
BRDT	0	2	0	0	0	0
BRE	97	116	84	51	71	59
BRE-AS1	1535	2106	1005	185	100	109
BREA2	0	0	0	0	1	2
BRF1	41	29	29	21	35	24
BRF2	5	24	3	10	14	8
BRI3	141	188	41	120	61	98
BRI3BP	25	18	14	9	6	11
BRICD5	1	2	6	1	2	3
BRINP1	0	0	0	0	0	0
BRINP2	0	0	1	0	0	0
BRINP3	0	0	0	0	0	0
BRIP1	11	14	28	8	8	8
BRIX1	67	54	74	170	144	176
BRK1	172	198	255	195	189	184
BRMS1	23	29	63	30	43	44
BRMS1L	58	31	75	16	24	30
BROX	163	213	325	119	169	113
BRPF1	103	98	154	132	118	116
BRPF3	531	413	495	306	268	177
BRS3	0	0	1	0	0	1
BRSK1	0	5	2	0	0	0
BRSK2	4	1	1	1	3	1
BRWD1	816	815	1050	461	526	399
BRWD1-AS1	0	0	0	0	1	0
BRWD1-IT2	1	0	1	0	2	1
BRWD3	668	629	683	427	415	457
BSCL2	7	2	7	2	7	0
BSDC1	123	123	128	104	103	108
BSG	256	247	301	184	81	156
BSN	4	4	8	3	8	5
BSN-AS2	0	0	0	0	0	0
BSND	0	0	1	0	0	0
BSPH1	0	0	0	0	0	0
BSPRY	3	5	2	2	8	2
BST1	91	72	14	13	7	12
BST2	43	44	37	8	9	8
BSX	0	0	0	0	0	0
BTAF1	2239	1774	1676	1841	1715	1731
BTBD1	260	244	269	317	375	324
BTBD10	85	86	69	101	99	107
BTBD11	11	26	46	10	0	5
BTBD16	0	0	0	0	0	0
BTBD17	0	0	0	0	0	0
BTBD18	36	22	25	37	73	29
BTBD19	87	105	134	15	17	8
BTBD2	69	48	73	24	34	39
BTBD3	31	76	41	53	20	32
BTBD6	61	57	83	53	56	52
BTBD7	463	548	359	272	348	162
BTBD8	0	2	3	0	1	0
BTBD9	257	204	387	162	282	127
BTC	0	1	0	0	0	0
BTD	90	121	197	27	25	33
BTF3	628	535	496	564	619	677
BTF3L4	535	449	436	706	678	739
BTF3P11	0	0	0	0	0	0
BTG1	5911	3224	4260	3057	2824	4297
BTG2	4807	5655	6127	2924	2405	2375
BTG3	177	136	119	72	34	79
BTG4	0	0	0	1	0	0
BTK	343	238	252	108	134	104
BTLA	164	39	224	205	440	208
BTN1A1	0	0	0	2	2	0
BTN2A1	294	225	154	117	151	87
BTN2A2	433	138	198	218	335	251
BTN2A3P	9	5	0	3	5	7
BTN3A1	398	546	732	258	334	328
BTN3A2	227	175	194	45	104	84
BTN3A3	101	156	135	75	79	51
BTNL10	0	0	0	0	4	1
BTNL2	2	0	0	0	0	1
BTNL3	1	0	0	1	3	6
BTNL8	1	0	0	8	0	0
BTNL9	19	0	7	9	1	3
BTRC	121	79	207	53	98	49
BUB1	17	16	49	12	12	12
BUB1B	7	19	0	9	2	7
BUB3	222	249	265	192	222	185
BUD13	49	58	55	90	90	102
BUD31	143	93	120	109	123	141
BVES	0	0	0	1	0	1
BVES-AS1	0	0	0	0	0	0
BX255923.3	1	0	0	0	0	1
BYSL	10	18	4	23	32	18
BZRAP1	60	94	98	47	44	30
BZRAP1-AS1	215	188	338	148	286	130
BZW1	1464	1164	1358	1112	781	1107
BZW2	95	165	208	63	82	110
C10orf10	1	3	0	0	1	0
C10orf105	5	11	20	4	0	0
C10orf107	0	0	0	0	0	0
C10orf11	16	15	13	0	0	0
C10orf111	4	3	5	17	2	13
C10orf113	0	0	0	0	0	0
C10orf115	0	0	0	0	0	0
C10orf118	457	503	684	397	471	417
C10orf12	342	294	160	272	303	237
C10orf120	0	0	0	0	0	0
C10orf126	0	0	0	0	0	0
C10orf128	187	192	193	80	62	21
C10orf129	1	1	0	0	3	0
C10orf131	2	1	0	0	2	1
C10orf2	41	22	18	48	103	67
C10orf25	11	5	0	5	6	1
C10orf32	72	59	28	18	31	14
C10orf32-ASMT	0	0	0	0	0	0
C10orf35	0	0	3	3	1	1
C10orf40	0	0	0	0	0	0
C10orf54	237	384	487	105	133	166
C10orf55	4	1	0	20	1	9
C10orf62	0	0	0	0	0	0
C10orf67	0	1	0	0	0	0
C10orf71	0	0	2	0	0	0
C10orf76	203	209	214	79	98	85
C10orf82	1	5	13	0	0	1
C10orf88	20	18	50	23	25	22
C10orf91	1	5	1	0	1	0
C10orf95	3	2	11	0	7	3
C10orf99	0	0	0	0	0	0
C11orf1	7	11	23	10	10	5
C11orf16	1	0	0	1	0	0
C11orf21	20	38	31	4	4	6
C11orf24	92	75	65	103	161	79
C11orf30	296	213	199	189	337	155
C11orf31	58	44	45	45	59	49
C11orf35	1	1	0	1	0	4
C11orf40	0	0	0	0	0	0
C11orf42	0	2	0	1	0	0
C11orf44	0	0	0	0	0	0
C11orf45	0	1	0	0	0	0
C11orf48	6	15	13	7	5	4
C11orf49	17	10	10	2	10	4
C11orf52	0	0	0	0	0	0
C11orf53	0	0	0	0	0	0
C11orf54	54	43	75	45	63	25
C11orf57	48	61	110	99	116	106
C11orf58	415	286	377	363	396	384
C11orf63	12	13	6	10	2	2
C11orf65	1	0	0	0	0	2
C11orf68	15	8	41	14	18	8
C11orf70	0	0	0	0	0	0
C11orf71	45	61	68	33	19	32
C11orf73	44	44	65	46	46	29
C11orf74	4	15	1	1	1	1
C11orf80	69	10	49	14	27	36
C11orf82	22	14	102	10	38	20
C11orf83	15	11	2	8	13	12
C11orf84	29	31	38	3	10	3
C11orf85	3	0	2	1	1	2
C11orf86	0	0	0	0	0	0
C11orf87	0	0	3	0	0	0
C11orf91	0	0	0	0	0	1
C11orf94	0	0	0	0	0	0
C11orf95	34	42	39	19	22	10
C11orf96	5	3	5	1	0	2
C12orf10	26	42	60	18	20	21
C12orf23	180	172	107	82	72	68
C12orf29	50	32	24	40	76	44
C12orf36	0	0	0	0	0	0
C12orf39	0	0	0	0	0	0
C12orf4	40	53	53	63	65	74
C12orf40	0	0	0	1	0	0
C12orf42	71	15	76	93	121	93
C12orf43	11	24	22	46	48	47
C12orf44	95	84	157	41	53	30
C12orf45	18	47	37	20	31	33
C12orf49	130	93	180	152	203	130
C12orf5	113	134	81	123	201	60
C12orf50	0	1	0	0	0	0
C12orf54	0	0	0	0	0	0
C12orf55	0	0	0	0	0	0
C12orf56	0	0	0	1	0	0
C12orf57	29	23	56	28	13	23
C12orf60	19	6	4	10	19	6
C12orf61	12	20	18	14	2	8
C12orf65	82	63	102	47	76	47
C12orf66	39	15	96	43	63	24
C12orf68	5	3	0	2	1	2
C12orf71	1	4	16	3	5	2
C12orf73	28	38	51	28	51	49
C12orf74	9	4	3	7	41	14
C12orf75	34	97	94	21	21	25
C12orf76	127	54	151	77	184	55
C12orf77	1	0	0	0	0	0
C12orf79	13	15	32	21	49	12
C12orf80	0	1	0	0	0	0
C13orf35	0	1	0	0	0	0
C13orf45	0	0	0	2	0	0
C14orf1	39	59	53	42	25	35
C14orf105	1	0	0	1	2	2
C14orf119	177	175	163	45	117	41
C14orf132	1	2	1	4	3	1
C14orf142	16	17	5	5	10	8
C14orf159	98	64	94	18	11	18
C14orf164	2	3	30	0	5	1
C14orf166	113	103	180	95	110	104
C14orf166B	0	0	0	0	0	0
C14orf169	60	42	131	38	48	44
C14orf177	1	0	0	0	0	0
C14orf178	0	3	8	1	1	4
C14orf180	0	0	0	0	0	0
C14orf182	56	31	26	39	61	47
C14orf183	2	0	2	0	1	2
C14orf2	116	157	146	98	111	110
C14orf23	0	0	0	0	0	0
C14orf28	8	2	6	12	19	10
C14orf37	1	0	0	1	1	0
C14orf64	0	8	10	1	0	0
C14orf79	19	21	25	3	15	5
C14orf80	11	3	4	6	8	4
C14orf93	14	22	16	10	1	7
C15orf26	2	1	0	1	3	1
C15orf27	0	0	0	1	1	0
C15orf32	0	0	0	0	0	0
C15orf37	47	66	40	19	8	7
C15orf38	47	45	52	4	1	0
C15orf38-AP3S2	0	0	0	0	0	0
C15orf39	252	432	174	251	144	215
C15orf40	23	16	11	34	50	32
C15orf41	13	11	0	7	11	9
C15orf43	0	1	0	0	0	0
C15orf48	117	123	24	62	6	8
C15orf52	7	12	8	3	4	5
C15orf53	0	1	0	0	0	0
C15orf54	10	2	1	7	12	9
C15orf56	0	0	0	0	0	0
C15orf57	93	98	182	67	61	78
C15orf59	0	0	0	0	0	0
C15orf60	44	42	19	19	24	10
C15orf61	5	3	9	2	6	0
C15orf62	2	2	1	2	10	2
C15orf65	3	1	0	5	4	2
C16orf11	0	0	0	0	0	0
C16orf13	23	21	31	3	5	11
C16orf3	1	0	2	1	1	1
C16orf45	2	1	1	3	1	3
C16orf46	6	2	8	1	13	5
C16orf47	0	0	0	0	0	0
C16orf52	52	39	44	47	87	38
C16orf54	82	168	249	130	114	80
C16orf58	61	48	69	53	81	73
C16orf59	0	0	0	0	0	0
C16orf62	118	138	128	51	54	60
C16orf70	57	79	46	45	76	45
C16orf71	0	1	1	1	2	0
C16orf72	892	1290	1500	263	246	177
C16orf74	8	2	4	11	18	7
C16orf78	0	0	0	0	0	0
C16orf80	67	58	86	127	75	134
C16orf82	0	0	0	1	0	0
C16orf86	2	1	0	0	0	0
C16orf87	35	23	14	29	13	18
C16orf89	0	0	0	0	0	0
C16orf90	0	0	0	0	0	0
C16orf91	41	25	30	26	42	29
C16orf93	14	17	25	9	9	12
C16orf95	2	2	2	1	0	0
C16orf96	0	2	0	1	3	4
C16orf97	0	0	0	0	0	0
C16orf98	8	9	4	1	2	0
C17orf100	4	3	23	2	1	1
C17orf102	0	0	0	0	0	0
C17orf103	65	117	129	32	7	12
C17orf104	8	1	7	7	18	11
C17orf105	0	2	0	0	0	0
C17orf107	93	93	139	31	55	21
C17orf47	2	2	0	3	0	2
C17orf49	0	1	0	3	0	0
C17orf50	0	0	0	0	0	0
C17orf51	32	27	18	18	32	13
C17orf53	22	7	34	16	9	11
C17orf58	2	4	4	12	6	11
C17orf59	15	9	82	3	15	7
C17orf62	96	71	186	74	206	99
C17orf64	0	0	0	0	0	0
C17orf66	0	1	0	1	2	1
C17orf67	13	12	12	4	6	4
C17orf70	9	7	28	5	12	8
C17orf72	52	95	154	45	79	38
C17orf74	0	0	2	0	0	0
C17orf75	20	31	36	28	45	29
C17orf77	5	5	2	6	1	0
C17orf78	2	0	0	0	1	0
C17orf80	36	59	56	30	140	39
C17orf82	0	0	0	0	0	0
C17orf85	405	357	540	395	616	365
C17orf89	3	5	6	16	19	14
C17orf96	52	52	47	7	8	7
C17orf97	4	4	0	1	5	3
C17orf98	0	1	0	1	0	0
C17orf99	0	0	0	0	0	0
C18orf21	42	47	84	115	99	146
C18orf25	354	373	372	297	273	272
C18orf32	1	0	0	0	1	1
C18orf42	0	0	0	0	1	0
C18orf54	9	7	13	13	27	2
C18orf56	0	0	1	1	0	0
C18orf61	0	0	0	0	1	0
C18orf63	0	0	0	0	0	0
C18orf8	244	222	222	193	164	168
C19orf10	26	51	53	28	26	20
C19orf12	39	29	39	45	63	29
C19orf18	6	0	2	3	5	1
C19orf24	31	24	71	15	20	14
C19orf25	11	6	0	2	13	4
C19orf26	11	14	8	1	6	4
C19orf33	0	0	0	0	0	0
C19orf35	4	1	9	4	8	4
C19orf38	37	66	8	11	5	2
C19orf40	2	0	3	4	10	2
C19orf43	246	182	236	173	192	143
C19orf44	34	24	70	23	36	31
C19orf45	2	0	4	23	22	32
C19orf47	12	12	28	8	7	9
C19orf48	20	4	14	9	14	20
C19orf52	5	5	15	5	7	2
C19orf53	63	64	54	69	88	80
C19orf54	50	65	70	44	36	27
C19orf55	17	25	39	23	20	17
C19orf57	0	1	0	0	0	0
C19orf59	319	291	141	58	65	68
C19orf60	10	18	30	16	17	11
C19orf66	72	70	75	78	74	82
C19orf67	0	0	0	0	0	0
C19orf68	4	3	19	0	6	2
C19orf69	0	0	0	0	0	0
C19orf70	8	7	10	4	12	5
C19orf71	18	29	4	10	9	3
C19orf73	0	0	0	3	0	0
C19orf77	0	7	1	2	0	1
C19orf80	0	0	1	0	0	0
C19orf82	1	3	0	2	7	0
C19orf83	1	3	4	1	1	0
C19orf84	1	4	1	0	0	0
C1D	17	21	37	32	14	24
C1GALT1	251	245	298	182	210	179
C1GALT1C1	5	3	9	3	6	1
C1orf100	0	1	1	0	0	0
C1orf101	10	2	2	7	3	2
C1orf105	1	0	0	0	0	0
C1orf106	2	0	0	3	1	0
C1orf109	22	15	21	37	40	28
C1orf110	0	0	0	0	0	0
C1orf111	0	0	0	0	1	0
C1orf112	40	32	32	19	26	18
C1orf115	11	6	9	17	33	39
C1orf116	7	1	0	9	8	0
C1orf122	29	19	22	13	17	11
C1orf123	68	111	193	96	109	80
C1orf127	0	1	0	0	0	0
C1orf131	20	25	50	35	73	36
C1orf140	0	0	0	0	0	0
C1orf141	0	0	0	0	0	0
C1orf145	9	4	7	4	3	3
C1orf146	0	0	0	0	0	0
C1orf158	0	0	0	0	0	0
C1orf159	10	5	12	11	13	4
C1orf162	290	532	360	127	121	151
C1orf167	2	4	3	0	5	0
C1orf168	0	0	0	0	0	0
C1orf172	1	0	0	0	0	2
C1orf173	1	2	0	0	4	0
C1orf174	52	33	103	82	98	62
C1orf177	1	1	0	0	2	0
C1orf180	0	0	0	1	1	0
C1orf185	0	0	0	0	0	0
C1orf186	3	12	34	0	7	0
C1orf189	0	1	0	0	3	0
C1orf192	1	1	1	1	2	2
C1orf194	0	0	0	0	0	0
C1orf195	1	2	0	0	0	0
C1orf198	20	17	22	47	47	19
C1orf200	24	11	61	3	14	3
C1orf204	0	5	25	0	0	1
C1orf21	50	170	105	6	4	25
C1orf210	0	0	1	0	0	0
C1orf213	1	2	5	5	3	3
C1orf216	15	30	26	8	7	3
C1orf220	8	1	5	8	12	1
C1orf226	1	2	0	1	0	0
C1orf227	0	0	0	0	0	0
C1orf228	15	17	16	17	7	13
C1orf229	0	1	0	0	0	0
C1orf233	4	5	0	0	1	1
C1orf234	0	0	0	0	0	0
C1orf27	199	222	241	200	215	192
C1orf35	21	13	22	12	28	15
C1orf43	392	341	242	250	270	209
C1orf50	10	3	17	10	26	19
C1orf51	2	5	12	5	2	0
C1orf52	90	91	134	74	88	69
C1orf53	0	2	0	1	0	0
C1orf54	2	8	11	0	2	3
C1orf56	294	335	685	161	144	196
C1orf61	3	10	7	0	3	4
C1orf63	858	882	1442	287	215	241
C1orf64	0	0	0	0	0	0
C1orf65	0	0	0	0	0	0
C1orf68	0	0	0	0	0	0
C1orf74	2	0	10	3	1	0
C1orf85	20	42	27	9	4	14
C1orf86	33	24	25	21	19	15
C1orf87	1	0	0	0	0	0
C1orf94	0	0	0	0	0	0
C1orf95	16	11	5	74	71	65
C1QA	2	0	2	1	0	0
C1QB	5	7	18	2	0	0
C1QBP	80	62	123	55	122	92
C1QC	2	1	2	0	0	0
C1QL1	1	0	0	0	0	0
C1QL2	0	0	0	1	0	0
C1QL3	3	0	0	1	1	2
C1QL4	0	0	0	0	0	0
C1QTNF1	0	0	0	0	0	0
C1QTNF1-AS1	0	0	1	0	0	0
C1QTNF2	0	0	1	0	0	0
C1QTNF3	10	7	13	3	11	8
C1QTNF3-AMACR	0	1	0	0	0	0
C1QTNF4	0	0	0	0	0	0
C1QTNF5	0	0	0	0	0	0
C1QTNF6	11	6	5	11	21	8
C1QTNF7	12	8	6	0	4	2
C1QTNF9	0	0	1	0	0	0
C1QTNF9B	0	0	1	0	0	0
C1QTNF9B-AS1	0	0	1	0	0	0
C1R	3	1	0	0	1	2
C1R-2	3	4	0	0	0	0
C1RL	35	57	33	11	14	9
C1RL-AS1	23	33	68	7	9	11
C1S	3	0	1	3	8	4
C2	8	14	9	1	0	1
C20orf112	215	444	483	70	52	97
C20orf144	0	0	0	0	0	0
C20orf166-AS1	0	0	0	0	0	0
C20orf173	0	0	8	0	0	0
C20orf181	0	0	0	0	0	0
C20orf194	122	152	133	56	32	45
C20orf195	7	0	1	7	13	3
C20orf196	6	1	8	3	6	6
C20orf197	3	1	0	1	0	0
C20orf202	0	0	0	2	0	0
C20orf203	1	2	0	2	0	0
C20orf24	3	2	2	0	0	1
C20orf26	0	1	0	1	0	0
C20orf27	13	20	41	1	0	3
C20orf62	0	0	0	1	0	0
C20orf78	0	0	0	0	0	0
C20orf96	10	5	2	2	7	2
C21orf119	1	1	0	1	1	1
C21orf128	0	1	0	0	0	0
C21orf140	0	0	0	0	0	0
C21orf15	2	26	2	1	0	3
C21orf2	62	36	39	51	95	42
C21orf33	0	7	0	0	9	12
C21orf49	0	1	9	0	3	0
C21orf58	1	4	3	0	2	1
C21orf59	117	106	92	50	50	47
C21orf62	1	0	0	0	2	1
C21orf67	0	0	0	0	1	0
C21orf88	0	0	0	0	0	0
C21orf90	0	0	0	0	0	0
C21orf91	246	316	419	207	232	174
C21orf91-OT1	0	2	0	0	0	1
C22orf15	0	0	0	0	0	0
C22orf23	11	11	2	7	10	5
C22orf24	1	2	4	4	5	1
C22orf26	0	0	0	1	1	0
C22orf29	15	22	38	20	39	14
C22orf31	0	0	0	0	0	1
C22orf34	9	4	1	8	16	4
C22orf39	68	75	87	96	112	87
C22orf42	0	0	0	0	0	0
C22orf43	5	1	0	0	4	4
C22orf46	66	43	57	37	86	39
C2CD2	66	94	63	27	33	24
C2CD2L	36	48	26	5	7	9
C2CD3	291	181	270	263	275	248
C2CD4A	0	0	0	0	0	0
C2CD4B	1	3	2	0	0	0
C2CD4C	0	0	1	0	0	0
C2CD4D	0	0	0	1	1	0
C2CD5	262	202	204	124	214	112
C2orf15	2	2	6	2	8	0
C2orf16	6	6	35	3	3	1
C2orf27A	3	0	0	2	3	1
C2orf27B	0	0	0	0	0	0
C2orf40	0	1	0	0	0	0
C2orf42	26	27	12	50	61	37
C2orf43	36	27	42	16	40	17
C2orf44	30	17	18	42	62	31
C2orf47	27	10	18	36	42	43
C2orf48	0	1	0	0	0	0
C2orf49	81	75	133	132	140	182
C2orf50	0	0	0	0	0	0
C2orf53	0	0	1	0	0	1
C2orf54	0	0	0	0	0	0
C2orf57	0	0	1	0	0	0
C2orf61	8	3	1	3	2	4
C2orf62	1	0	0	0	0	0
C2orf66	17	3	7	4	3	6
C2orf68	71	68	102	62	129	51
C2orf69	141	88	148	63	104	71
C2orf71	4	3	8	0	0	0
C2orf72	0	0	0	0	0	0
C2orf73	0	0	0	0	0	0
C2orf74	9	14	2	15	24	14
C2orf76	9	12	23	6	9	14
C2orf78	0	0	1	1	0	0
C2orf81	0	3	2	0	1	1
C2orf82	0	0	0	0	0	0
C2orf83	0	0	0	0	0	0
C2orf88	53	15	6	40	99	34
C2orf91	0	0	0	0	0	0
C3	48	54	3	13	3	7
C3AR1	350	735	295	68	63	25
C3orf14	2	9	13	2	11	1
C3orf17	354	309	388	369	525	437
C3orf18	6	3	4	1	1	1
C3orf20	0	1	12	3	0	0
C3orf22	0	0	0	0	0	0
C3orf27	0	0	0	2	0	0
C3orf30	0	0	3	0	0	0
C3orf33	2	5	3	3	3	4
C3orf35	26	20	41	39	56	30
C3orf36	0	0	0	0	0	0
C3orf38	87	52	85	73	96	103
C3orf43	0	0	0	0	0	0
C3orf49	0	0	0	0	1	2
C3orf52	17	8	25	15	12	13
C3orf55	0	0	0	0	0	0
C3orf56	0	0	1	0	0	0
C3orf58	380	498	436	111	116	92
C3orf62	77	94	119	64	78	46
C3orf65	3	1	0	0	0	0
C3orf67	2	5	1	3	0	2
C3orf70	1	1	4	0	0	0
C3orf72	0	0	0	1	0	0
C3orf79	0	0	0	0	0	0
C3orf80	1	0	0	0	0	0
C3orf83	0	0	0	0	1	0
C3orf84	0	0	0	0	0	0
C3P1	0	0	0	0	0	0
C4A	4	0	1	1	0	0
C4B	0	0	0	0	2	0
C4BPA	0	1	5	2	0	0
C4BPB	0	0	4	5	0	6
C4orf17	0	0	0	0	0	0
C4orf19	3	8	47	8	4	5
C4orf21	73	67	94	87	141	71
C4orf22	0	0	0	0	0	1
C4orf26	2	3	5	0	2	1
C4orf27	2	12	10	15	29	26
C4orf29	76	72	143	105	150	104
C4orf3	269	285	463	197	172	224
C4orf32	47	53	61	70	60	61
C4orf33	150	94	115	36	32	39
C4orf36	0	2	0	1	5	1
C4orf40	0	0	0	0	0	0
C4orf45	0	1	0	0	0	0
C4orf46	119	70	72	109	83	117
C4orf47	0	0	0	3	2	9
C4orf48	4	1	10	1	4	1
C4orf50	1	2	0	0	0	0
C4orf51	0	0	0	0	0	0
C4orf6	0	0	0	0	0	0
C5	33	23	41	2	12	15
C5AR1	1993	1955	952	540	218	150
C5AR2	6	19	28	5	2	2
C5orf15	191	152	81	176	208	153
C5orf20	0	11	16	1	1	0
C5orf22	56	84	148	136	189	108
C5orf24	197	147	323	219	293	207
C5orf27	1	10	0	1	0	0
C5orf28	22	13	30	30	62	30
C5orf30	10	12	36	12	7	13
C5orf34	4	4	8	9	23	7
C5orf38	0	0	0	0	0	0
C5orf42	246	212	245	186	323	125
C5orf45	37	89	47	15	23	9
C5orf46	0	0	0	0	0	0
C5orf47	0	0	0	0	0	0
C5orf48	0	0	1	0	0	0
C5orf51	234	176	258	257	386	243
C5orf52	0	0	0	0	0	0
C5orf54	2	3	3	0	0	0
C5orf55	0	7	0	1	2	1
C5orf56	8	8	23	14	10	13
C5orf58	3	1	1	1	1	0
C5orf60	0	0	3	0	0	0
C5orf63	9	6	19	24	44	12
C5orf64	1	2	7	0	0	0
C5orf66	103	86	52	108	60	85
C6	0	0	0	0	0	0
C6orf1	21	9	5	17	16	15
C6orf10	2	0	6	3	2	1
C6orf106	649	553	588	358	431	313
C6orf118	0	0	0	0	0	0
C6orf120	204	115	207	217	230	254
C6orf123	0	0	0	0	0	0
C6orf132	0	0	0	1	8	4
C6orf136	18	7	22	22	23	7
C6orf141	0	0	0	0	0	0
C6orf147	3	1	0	2	1	0
C6orf15	0	0	0	0	0	0
C6orf163	1	2	12	3	7	3
C6orf164	0	5	0	4	1	0
C6orf165	4	2	1	4	3	3
C6orf195	0	0	0	0	0	0
C6orf201	3	5	5	3	9	5
C6orf203	6	2	11	13	18	15
C6orf211	57	38	29	38	46	29
C6orf222	1	10	0	0	0	0
C6orf223	5	6	5	3	1	1
C6orf226	4	1	6	2	3	3
C6orf229	0	5	1	2	2	1
C6orf25	81	54	31	77	109	81
C6orf47	48	46	21	18	50	26
C6orf48	442	343	1095	545	430	565
C6orf52	0	0	0	1	2	0
C6orf57	0	2	0	0	0	0
C6orf58	0	0	0	0	0	0
C6orf62	1843	1641	1842	1246	1189	1140
C6orf7	0	0	0	0	0	0
C6orf89	101	127	205	178	264	166
